x, n0
0, 0
1, 0
2, 0
3, 0
4, 0
5, 0
6, 0
7, 0
8, 0
9, 0
10, 0
11, 0
12, 0
13, 0
14, 0
15, 0
16, 0
17, 0
18, 0
19, 0
20, 0
21, 0
22, 1
23, 1
24, 1
25, 1
26, 1
27, 1
28, 1
29, 1
30, 1
31, 1
32, 1
33, 1
34, 1
35, 1
36, 1
37, 1
38, 1
39, 1
40, 1
41, 1
42, 1
43, 1
44, 2
45, 3
46, 2
47, 2
48, 2
49, 2
50, 2
51, 2
52, 2
53, 2
54, 2
55, 2
56, 2
57, 2
58, 2
59, 2
60, 2
61, 2
62, 2
63, 2
64, 2
65, 2
66, 3
67, 4
68, 5
69, 3
70, 3
71, 3
72, 3
73, 3
74, 3
75, 3
76, 3
77, 3
78, 3
79, 3
80, 3
81, 3
82, 3
83, 3
84, 3
85, 3
86, 3
87, 3
88, 4
89, 5
90, 6
91, 7
92, 4
93, 4
94, 4
95, 4
96, 4
97, 4
98, 4
99, 4
100, 4
101, 4
102, 4
103, 4
104, 4
105, 4
106, 4
107, 4
108, 4
109, 4
110, 5
111, 6
112, 7
113, 8
114, 9
115, 5
116, 5
117, 5
118, 5
119, 5
120, 5
121, 5
122, 5
123, 5
124, 5
125, 5
126, 5
127, 5
128, 5
129, 5
130, 5
131, 5
132, 6
133, 7
134, 8
135, 9
136, 10
137, 11
138, 6
139, 6
140, 6
141, 6
142, 6
143, 6
144, 6
145, 6
146, 6
147, 6
148, 6
149, 6
150, 6
151, 6
152, 6
153, 6
154, 7
155, 8
156, 9
157, 10
158, 11
159, 12
160, 13
161, 7
162, 7
163, 7
164, 7
165, 7
166, 7
167, 7
168, 7
169, 7
170, 7
171, 7
172, 7
173, 7
174, 7
175, 7
176, 8
177, 9
178, 10
179, 11
180, 12
181, 13
182, 14
183, 15
184, 8
185, 8
186, 8
187, 8
188, 8
189, 8
190, 8
191, 8
192, 8
193, 8
194, 8
195, 8
196, 8
197, 8
198, 9
199, 10
200, 11
201, 12
202, 13
203, 14
204, 15
205, 16
206, 17
207, 9
208, 9
209, 9
210, 9
211, 9
212, 9
213, 9
214, 9
215, 9
216, 9
217, 9
218, 9
219, 9
220, 10
221, 11
222, 12
223, 13
224, 14
225, 15
226, 16
227, 17
228, 18
229, 19
230, 10
231, 10
232, 10
233, 10
234, 10
235, 10
236, 10
237, 10
238, 10
239, 10
240, 10
241, 10
242, 11
243, 12
244, 13
245, 14
246, 15
247, 16
248, 17
249, 18
250, 19
251, 20
252, 21
253, 11
254, 11
255, 11
256, 11
257, 11
258, 11
259, 11
260, 11
261, 11
262, 11
263, 11
264, 12
265, 13
266, 14
267, 15
268, 16
269, 17
270, 18
271, 19
272, 20
273, 21
274, 22
275, 23
276, 12
277, 12
278, 12
279, 12
280, 12
281, 12
282, 12
283, 12
284, 12
285, 12
286, 13
287, 14
288, 15
289, 16
290, 17
291, 18
292, 19
293, 20
294, 21
295, 22
296, 23
297, 24
298, 25
299, 13
300, 13
301, 13
302, 13
303, 13
304, 13
305, 13
306, 13
307, 13
308, 14
309, 15
310, 16
311, 17
312, 18
313, 19
314, 20
315, 21
316, 22
317, 23
318, 24
319, 25
320, 26
321, 27
322, 14
323, 14
324, 14
325, 14
326, 14
327, 14
328, 14
329, 14
330, 15
331, 16
332, 17
333, 18
334, 19
335, 20
336, 21
337, 22
338, 23
339, 24
340, 25
341, 26
342, 27
343, 28
344, 29
345, 15
346, 15
347, 15
348, 15
349, 15
350, 15
351, 15
352, 16
353, 17
354, 18
355, 19
356, 20
357, 21
358, 22
359, 23
360, 24
361, 25
362, 26
363, 27
364, 28
365, 29
366, 30
367, 31
368, 16
369, 16
370, 16
371, 16
372, 16
373, 16
374, 17
375, 18
376, 19
377, 20
378, 21
379, 22
380, 23
381, 24
382, 25
383, 26
384, 27
385, 28
386, 29
387, 30
388, 31
389, 32
390, 33
391, 17
392, 17
393, 17
394, 17
395, 17
396, 18
397, 19
398, 20
399, 21
400, 22
401, 23
402, 24
403, 25
404, 26
405, 27
406, 28
407, 29
408, 30
409, 31
410, 32
411, 33
412, 34
413, 35
414, 18
415, 18
416, 18
417, 18
418, 19
419, 20
420, 21
421, 22
422, 23
423, 24
424, 25
425, 26
426, 27
427, 28
428, 29
429, 30
430, 31
431, 32
432, 33
433, 34
434, 35
435, 36
436, 37
437, 19
438, 19
439, 19
440, 20
441, 21
442, 22
443, 23
444, 24
445, 25
446, 26
447, 27
448, 28
449, 29
450, 30
451, 31
452, 32
453, 33
454, 34
455, 35
456, 36
457, 37
458, 38
459, 39
460, 20
461, 20
462, 21
463, 22
464, 23
465, 24
466, 25
467, 26
468, 27
469, 28
470, 29
471, 30
472, 31
473, 32
474, 33
475, 34
476, 35
477, 36
478, 37
479, 38
480, 39
481, 40
482, 41
483, 21
484, 22
485, 23
486, 24
487, 25
488, 26
489, 27
490, 28
491, 29
492, 30
493, 31
494, 32
495, 33
496, 34
497, 35
498, 36
499, 37
500, 38
501, 39
502, 40
503, 41
504, 42
505, 43
506, 23
507, 24
508, 25
509, 26
510, 27
511, 28
512, 29
513, 30
514, 31
515, 32
516, 33
517, 34
518, 35
519, 36
520, 37
521, 38
522, 39
523, 40
524, 41
525, 42
526, 43
527, 44
528, 46
529, 24
530, 24
531, 24
532, 24
533, 24
534, 24
535, 24
536, 24
537, 24
538, 24
539, 24
540, 24
541, 24
542, 24
543, 24
544, 24
545, 24
546, 24
547, 24
548, 24
549, 24
550, 25
551, 26
552, 25
553, 25
554, 25
555, 25
556, 25
557, 25
558, 25
559, 25
560, 25
561, 25
562, 25
563, 25
564, 25
565, 25
566, 25
567, 25
568, 25
569, 25
570, 25
571, 25
572, 26
573, 27
574, 28
575, 26
576, 26
577, 26
578, 26
579, 26
580, 26
581, 26
582, 26
583, 26
584, 26
585, 26
586, 26
587, 26
588, 26
589, 26
590, 26
591, 26
592, 26
593, 26
594, 27
595, 28
596, 29
597, 30
598, 27
599, 27
600, 27
601, 27
602, 27
603, 27
604, 27
605, 27
606, 27
607, 27
608, 27
609, 27
610, 27
611, 27
612, 27
613, 27
614, 27
615, 27
616, 28
617, 29
618, 30
619, 31
620, 32
621, 28
622, 28
623, 28
624, 28
625, 28
626, 28
627, 28
628, 28
629, 28
630, 28
631, 28
632, 28
633, 28
634, 28
635, 28
636, 28
637, 28
638, 29
639, 30
640, 31
641, 32
642, 33
643, 34
644, 29
645, 29
646, 29
647, 29
648, 29
649, 29
650, 29
651, 29
652, 29
653, 29
654, 29
655, 29
656, 29
657, 29
658, 29
659, 29
660, 30
661, 31
662, 32
663, 33
664, 34
665, 35
666, 36
667, 30
668, 30
669, 30
670, 30
671, 30
672, 30
673, 30
674, 30
675, 30
676, 30
677, 30
678, 30
679, 30
680, 30
681, 30
682, 31
683, 32
684, 33
685, 34
686, 35
687, 36
688, 37
689, 38
690, 31
691, 31
692, 31
693, 31
694, 31
695, 31
696, 31
697, 31
698, 31
699, 31
700, 31
701, 31
702, 31
703, 31
704, 32
705, 33
706, 34
707, 35
708, 36
709, 37
710, 38
711, 39
712, 40
713, 32
714, 32
715, 32
716, 32
717, 32
718, 32
719, 32
720, 32
721, 32
722, 32
723, 32
724, 32
725, 32
726, 33
727, 34
728, 35
729, 36
730, 37
731, 38
732, 39
733, 40
734, 41
735, 42
736, 33
737, 33
738, 33
739, 33
740, 33
741, 33
742, 33
743, 33
744, 33
745, 33
746, 33
747, 33
748, 34
749, 35
750, 36
751, 37
752, 38
753, 39
754, 40
755, 41
756, 42
757, 43
758, 44
759, 34
760, 34
761, 34
762, 34
763, 34
764, 34
765, 34
766, 34
767, 34
768, 34
769, 34
770, 35
771, 36
772, 37
773, 38
774, 39
775, 40
776, 41
777, 42
778, 43
779, 44
780, 45
781, 46
782, 35
783, 35
784, 35
785, 35
786, 35
787, 35
788, 35
789, 35
790, 35
791, 35
792, 36
793, 37
794, 38
795, 39
796, 40
797, 41
798, 42
799, 43
800, 44
801, 45
802, 46
803, 47
804, 48
805, 36
806, 36
807, 36
808, 36
809, 36
810, 36
811, 36
812, 36
813, 36
814, 37
815, 38
816, 39
817, 40
818, 41
819, 42
820, 43
821, 44
822, 45
823, 46
824, 47
825, 48
826, 49
827, 50
828, 37
829, 37
830, 37
831, 37
832, 37
833, 37
834, 37
835, 37
836, 38
837, 39
838, 40
839, 41
840, 42
841, 43
842, 44
843, 45
844, 46
845, 47
846, 48
847, 49
848, 50
849, 51
850, 52
851, 38
852, 38
853, 38
854, 38
855, 38
856, 38
857, 38
858, 39
859, 40
860, 41
861, 42
862, 43
863, 44
864, 45
865, 46
866, 47
867, 48
868, 49
869, 50
870, 51
871, 52
872, 53
873, 54
874, 39
875, 39
876, 39
877, 39
878, 39
879, 39
880, 40
881, 41
882, 42
883, 43
884, 44
885, 45
886, 46
887, 47
888, 48
889, 49
890, 50
891, 51
892, 52
893, 53
894, 54
895, 55
896, 56
897, 40
898, 40
899, 40
900, 40
901, 40
902, 41
903, 42
904, 43
905, 44
906, 45
907, 46
908, 47
909, 48
910, 49
911, 50
912, 51
913, 52
914, 53
915, 54
916, 55
917, 56
918, 57
919, 58
920, 41
921, 41
922, 41
923, 41
924, 42
925, 43
926, 44
927, 45
928, 46
929, 47
930, 48
931, 49
932, 50
933, 51
934, 52
935, 53
936, 54
937, 55
938, 56
939, 57
940, 58
941, 59
942, 60
943, 42
944, 42
945, 42
946, 43
947, 44
948, 45
949, 46
950, 47
951, 48
952, 49
953, 50
954, 51
955, 52
956, 53
957, 54
958, 55
959, 56
960, 57
961, 58
962, 59
963, 60
964, 61
965, 62
966, 43
967, 43
968, 44
969, 45
970, 46
971, 47
972, 48
973, 49
974, 50
975, 51
976, 52
977, 53
978, 54
979, 55
980, 56
981, 57
982, 58
983, 59
984, 60
985, 61
986, 62
987, 63
988, 64
989, 44
990, 45
991, 46
992, 47
993, 48
994, 49
995, 50
996, 51
997, 52
998, 53
999, 54
1000, 55
1001, 56
1002, 57
1003, 58
1004, 59
1005, 60
1006, 61
1007, 62
1008, 63
1009, 64
1010, 65
1011, 66
1012, 46
1013, 47
1014, 48
1015, 49
1016, 50
1017, 51
1018, 52
1019, 53
1020, 54
1021, 55
1022, 56
1023, 57
1024, 58
1025, 59
1026, 60
1027, 61
1028, 62
1029, 63
1030, 64
1031, 65
1032, 66
1033, 67
1034, 69
1035, 93
1036, 94
1037, 95
1038, 96
1039, 97
1040, 98
1041, 99
1042, 100
1043, 101
1044, 102
1045, 103
1046, 104
1047, 105
1048, 106
1049, 107
1050, 108
1051, 109
1052, 110
1053, 111
1054, 112
1055, 113
1056, 114
1057, 116
1058, 48
1059, 48
1060, 48
1061, 48
1062, 48
1063, 48
1064, 48
1065, 48
1066, 48
1067, 48
1068, 48
1069, 48
1070, 48
1071, 48
1072, 48
1073, 48
1074, 48
1075, 48
1076, 48
1077, 48
1078, 49
1079, 50
1080, 51
1081, 49
1082, 49
1083, 49
1084, 49
1085, 49
1086, 49
1087, 49
1088, 49
1089, 49
1090, 49
1091, 49
1092, 49
1093, 49
1094, 49
1095, 49
1096, 49
1097, 49
1098, 49
1099, 49
1100, 50
1101, 51
1102, 52
1103, 53
1104, 50
1105, 50
1106, 50
1107, 50
1108, 50
1109, 50
1110, 50
1111, 50
1112, 50
1113, 50
1114, 50
1115, 50
1116, 50
1117, 50
1118, 50
1119, 50
1120, 50
1121, 50
1122, 51
1123, 52
1124, 53
1125, 54
1126, 55
1127, 51
1128, 51
1129, 51
1130, 51
1131, 51
1132, 51
1133, 51
1134, 51
1135, 51
1136, 51
1137, 51
1138, 51
1139, 51
1140, 51
1141, 51
1142, 51
1143, 51
1144, 52
1145, 53
1146, 54
1147, 55
1148, 56
1149, 57
1150, 52
1151, 52
1152, 52
1153, 52
1154, 52
1155, 52
1156, 52
1157, 52
1158, 52
1159, 52
1160, 52
1161, 52
1162, 52
1163, 52
1164, 52
1165, 52
1166, 53
1167, 54
1168, 55
1169, 56
1170, 57
1171, 58
1172, 59
1173, 53
1174, 53
1175, 53
1176, 53
1177, 53
1178, 53
1179, 53
1180, 53
1181, 53
1182, 53
1183, 53
1184, 53
1185, 53
1186, 53
1187, 53
1188, 54
1189, 55
1190, 56
1191, 57
1192, 58
1193, 59
1194, 60
1195, 61
1196, 54
1197, 54
1198, 54
1199, 54
1200, 54
1201, 54
1202, 54
1203, 54
1204, 54
1205, 54
1206, 54
1207, 54
1208, 54
1209, 54
1210, 55
1211, 56
1212, 57
1213, 58
1214, 59
1215, 60
1216, 61
1217, 62
1218, 63
1219, 55
1220, 55
1221, 55
1222, 55
1223, 55
1224, 55
1225, 55
1226, 55
1227, 55
1228, 55
1229, 55
1230, 55
1231, 55
1232, 56
1233, 57
1234, 58
1235, 59
1236, 60
1237, 61
1238, 62
1239, 63
1240, 64
1241, 65
1242, 56
1243, 56
1244, 56
1245, 56
1246, 56
1247, 56
1248, 56
1249, 56
1250, 56
1251, 56
1252, 56
1253, 56
1254, 57
1255, 58
1256, 59
1257, 60
1258, 61
1259, 62
1260, 63
1261, 64
1262, 65
1263, 66
1264, 67
1265, 57
1266, 57
1267, 57
1268, 57
1269, 57
1270, 57
1271, 57
1272, 57
1273, 57
1274, 57
1275, 57
1276, 58
1277, 59
1278, 60
1279, 61
1280, 62
1281, 63
1282, 64
1283, 65
1284, 66
1285, 67
1286, 68
1287, 69
1288, 58
1289, 58
1290, 58
1291, 58
1292, 58
1293, 58
1294, 58
1295, 58
1296, 58
1297, 58
1298, 59
1299, 60
1300, 61
1301, 62
1302, 63
1303, 64
1304, 65
1305, 66
1306, 67
1307, 68
1308, 69
1309, 70
1310, 71
1311, 59
1312, 59
1313, 59
1314, 59
1315, 59
1316, 59
1317, 59
1318, 59
1319, 59
1320, 60
1321, 61
1322, 62
1323, 63
1324, 64
1325, 65
1326, 66
1327, 67
1328, 68
1329, 69
1330, 70
1331, 71
1332, 72
1333, 73
1334, 60
1335, 60
1336, 60
1337, 60
1338, 60
1339, 60
1340, 60
1341, 60
1342, 61
1343, 62
1344, 63
1345, 64
1346, 65
1347, 66
1348, 67
1349, 68
1350, 69
1351, 70
1352, 71
1353, 72
1354, 73
1355, 74
1356, 75
1357, 61
1358, 61
1359, 61
1360, 61
1361, 61
1362, 61
1363, 61
1364, 62
1365, 63
1366, 64
1367, 65
1368, 66
1369, 67
1370, 68
1371, 69
1372, 70
1373, 71
1374, 72
1375, 73
1376, 74
1377, 75
1378, 76
1379, 77
1380, 62
1381, 62
1382, 62
1383, 62
1384, 62
1385, 62
1386, 63
1387, 64
1388, 65
1389, 66
1390, 67
1391, 68
1392, 69
1393, 70
1394, 71
1395, 72
1396, 73
1397, 74
1398, 75
1399, 76
1400, 77
1401, 78
1402, 79
1403, 63
1404, 63
1405, 63
1406, 63
1407, 63
1408, 64
1409, 65
1410, 66
1411, 67
1412, 68
1413, 69
1414, 70
1415, 71
1416, 72
1417, 73
1418, 74
1419, 75
1420, 76
1421, 77
1422, 78
1423, 79
1424, 80
1425, 81
1426, 64
1427, 64
1428, 64
1429, 64
1430, 65
1431, 66
1432, 67
1433, 68
1434, 69
1435, 70
1436, 71
1437, 72
1438, 73
1439, 74
1440, 75
1441, 76
1442, 77
1443, 78
1444, 79
1445, 80
1446, 81
1447, 82
1448, 83
1449, 65
1450, 65
1451, 65
1452, 66
1453, 67
1454, 68
1455, 69
1456, 70
1457, 71
1458, 72
1459, 73
1460, 74
1461, 75
1462, 76
1463, 77
1464, 78
1465, 79
1466, 80
1467, 81
1468, 82
1469, 83
1470, 84
1471, 85
1472, 66
1473, 66
1474, 67
1475, 68
1476, 69
1477, 70
1478, 71
1479, 72
1480, 73
1481, 74
1482, 75
1483, 76
1484, 77
1485, 78
1486, 79
1487, 80
1488, 81
1489, 82
1490, 83
1491, 84
1492, 85
1493, 86
1494, 87
1495, 67
1496, 68
1497, 69
1498, 70
1499, 71
1500, 72
1501, 73
1502, 74
1503, 75
1504, 76
1505, 77
1506, 78
1507, 79
1508, 80
1509, 81
1510, 82
1511, 83
1512, 84
1513, 85
1514, 86
1515, 87
1516, 88
1517, 89
1518, 69
1519, 70
1520, 71
1521, 72
1522, 73
1523, 74
1524, 75
1525, 76
1526, 77
1527, 78
1528, 79
1529, 80
1530, 81
1531, 82
1532, 83
1533, 84
1534, 85
1535, 86
1536, 87
1537, 88
1538, 89
1539, 90
1540, 92
1541, 116
1542, 117
1543, 118
1544, 119
1545, 120
1546, 121
1547, 122
1548, 123
1549, 124
1550, 125
1551, 126
1552, 127
1553, 128
1554, 129
1555, 130
1556, 131
1557, 132
1558, 133
1559, 134
1560, 135
1561, 136
1562, 137
1563, 139
1564, 162
1565, 163
1566, 164
1567, 165
1568, 166
1569, 167
1570, 168
1571, 169
1572, 170
1573, 171
1574, 172
1575, 173
1576, 174
1577, 175
1578, 176
1579, 177
1580, 178
1581, 179
1582, 180
1583, 180
1584, 182
1585, 184
1586, 186
1587, 72
1588, 72
1589, 72
1590, 72
1591, 72
1592, 72
1593, 72
1594, 72
1595, 72
1596, 72
1597, 72
1598, 72
1599, 72
1600, 72
1601, 72
1602, 72
1603, 72
1604, 72
1605, 72
1606, 73
1607, 74
1608, 75
1609, 76
1610, 73
1611, 73
1612, 73
1613, 73
1614, 73
1615, 73
1616, 73
1617, 73
1618, 73
1619, 73
1620, 73
1621, 73
1622, 73
1623, 73
1624, 73
1625, 73
1626, 73
1627, 73
1628, 74
1629, 75
1630, 76
1631, 77
1632, 78
1633, 74
1634, 74
1635, 74
1636, 74
1637, 74
1638, 74
1639, 74
1640, 74
1641, 74
1642, 74
1643, 74
1644, 74
1645, 74
1646, 74
1647, 74
1648, 74
1649, 74
1650, 75
1651, 76
1652, 77
1653, 78
1654, 79
1655, 80
1656, 75
1657, 75
1658, 75
1659, 75
1660, 75
1661, 75
1662, 75
1663, 75
1664, 75
1665, 75
1666, 75
1667, 75
1668, 75
1669, 75
1670, 75
1671, 75
1672, 76
1673, 77
1674, 78
1675, 79
1676, 80
1677, 81
1678, 82
1679, 76
1680, 76
1681, 76
1682, 76
1683, 76
1684, 76
1685, 76
1686, 76
1687, 76
1688, 76
1689, 76
1690, 76
1691, 76
1692, 76
1693, 76
1694, 77
1695, 78
1696, 79
1697, 80
1698, 81
1699, 82
1700, 83
1701, 84
1702, 77
1703, 77
1704, 77
1705, 77
1706, 77
1707, 77
1708, 77
1709, 77
1710, 77
1711, 77
1712, 77
1713, 77
1714, 77
1715, 77
1716, 78
1717, 79
1718, 80
1719, 81
1720, 82
1721, 83
1722, 84
1723, 85
1724, 86
1725, 78
1726, 78
1727, 78
1728, 78
1729, 78
1730, 78
1731, 78
1732, 78
1733, 78
1734, 78
1735, 78
1736, 78
1737, 78
1738, 79
1739, 80
1740, 81
1741, 82
1742, 83
1743, 84
1744, 85
1745, 86
1746, 87
1747, 88
1748, 79
1749, 79
1750, 79
1751, 79
1752, 79
1753, 79
1754, 79
1755, 79
1756, 79
1757, 79
1758, 79
1759, 79
1760, 80
1761, 81
1762, 82
1763, 83
1764, 84
1765, 85
1766, 86
1767, 87
1768, 88
1769, 89
1770, 90
1771, 80
1772, 80
1773, 80
1774, 80
1775, 80
1776, 80
1777, 80
1778, 80
1779, 80
1780, 80
1781, 80
1782, 81
1783, 82
1784, 83
1785, 84
1786, 85
1787, 86
1788, 87
1789, 88
1790, 89
1791, 90
1792, 91
1793, 92
1794, 81
1795, 81
1796, 81
1797, 81
1798, 81
1799, 81
1800, 81
1801, 81
1802, 81
1803, 81
1804, 82
1805, 83
1806, 84
1807, 85
1808, 86
1809, 87
1810, 88
1811, 89
1812, 90
1813, 91
1814, 92
1815, 93
1816, 94
1817, 82
1818, 82
1819, 82
1820, 82
1821, 82
1822, 82
1823, 82
1824, 82
1825, 82
1826, 83
1827, 84
1828, 85
1829, 86
1830, 87
1831, 88
1832, 89
1833, 90
1834, 91
1835, 92
1836, 93
1837, 94
1838, 95
1839, 96
1840, 83
1841, 83
1842, 83
1843, 83
1844, 83
1845, 83
1846, 83
1847, 83
1848, 84
1849, 85
1850, 86
1851, 87
1852, 88
1853, 89
1854, 90
1855, 91
1856, 92
1857, 93
1858, 94
1859, 95
1860, 96
1861, 97
1862, 98
1863, 84
1864, 84
1865, 84
1866, 84
1867, 84
1868, 84
1869, 84
1870, 85
1871, 86
1872, 87
1873, 88
1874, 89
1875, 90
1876, 91
1877, 92
1878, 93
1879, 94
1880, 95
1881, 96
1882, 97
1883, 98
1884, 99
1885, 100
1886, 85
1887, 85
1888, 85
1889, 85
1890, 85
1891, 85
1892, 86
1893, 87
1894, 88
1895, 89
1896, 90
1897, 91
1898, 92
1899, 93
1900, 94
1901, 95
1902, 96
1903, 97
1904, 98
1905, 99
1906, 100
1907, 101
1908, 102
1909, 86
1910, 86
1911, 86
1912, 86
1913, 86
1914, 87
1915, 88
1916, 89
1917, 90
1918, 91
1919, 92
1920, 93
1921, 94
1922, 95
1923, 96
1924, 97
1925, 98
1926, 99
1927, 100
1928, 101
1929, 102
1930, 103
1931, 104
1932, 87
1933, 87
1934, 87
1935, 87
1936, 88
1937, 89
1938, 90
1939, 91
1940, 92
1941, 93
1942, 94
1943, 95
1944, 96
1945, 97
1946, 98
1947, 99
1948, 100
1949, 101
1950, 102
1951, 103
1952, 104
1953, 105
1954, 106
1955, 88
1956, 88
1957, 88
1958, 89
1959, 90
1960, 91
1961, 92
1962, 93
1963, 94
1964, 95
1965, 96
1966, 97
1967, 98
1968, 99
1969, 100
1970, 101
1971, 102
1972, 103
1973, 104
1974, 105
1975, 106
1976, 107
1977, 108
1978, 89
1979, 89
1980, 90
1981, 91
1982, 92
1983, 93
1984, 94
1985, 95
1986, 96
1987, 97
1988, 98
1989, 99
1990, 100
1991, 101
1992, 102
1993, 103
1994, 104
1995, 105
1996, 106
1997, 107
1998, 108
1999, 109
2000, 110
2001, 90
2002, 91
2003, 92
2004, 93
2005, 94
2006, 95
2007, 96
2008, 97
2009, 98
2010, 99
2011, 100
2012, 101
2013, 102
2014, 103
2015, 104
2016, 105
2017, 106
2018, 107
2019, 108
2020, 109
2021, 110
2022, 111
2023, 112
2024, 92
2025, 93
2026, 94
2027, 95
2028, 96
2029, 97
2030, 98
2031, 99
2032, 100
2033, 101
2034, 102
2035, 103
2036, 104
2037, 105
2038, 106
2039, 107
2040, 108
2041, 109
2042, 110
2043, 111
2044, 112
2045, 113
2046, 115
2047, 139
2048, 140
2049, 141
2050, 142
2051, 143
2052, 144
2053, 145
2054, 146
2055, 147
2056, 148
2057, 149
2058, 150
2059, 151
2060, 152
2061, 153
2062, 154
2063, 155
2064, 156
2065, 157
2066, 158
2067, 159
2068, 160
2069, 162
2070, 185
2071, 186
2072, 187
2073, 188
2074, 189
2075, 190
2076, 191
2077, 192
2078, 193
2079, 194
2080, 195
2081, 196
2082, 197
2083, 198
2084, 199
2085, 200
2086, -1
2087, -1
2088, -1
2089, -1
2090, -1
2091, -1
2092, -1
2093, -1
2094, -1
2095, -1
2096, -1
2097, -1
2098, -1
2099, -1
2100, -1
2101, -1
2102, -1
2103, -1
2104, -1
2105, -1
2106, -1
2107, -1
2108, -1
2109, -1
2110, -1
2111, -1
2112, -1
2113, -1
2114, -1
2115, -1
2116, 96
2117, 96
2118, 96
2119, 96
2120, 96
2121, 96
2122, 96
2123, 96
2124, 96
2125, 96
2126, 96
2127, 96
2128, 96
2129, 96
2130, 96
2131, 96
2132, 96
2133, 96
2134, 97
2135, 98
2136, 99
2137, 100
2138, 101
2139, 97
2140, 97
2141, 97
2142, 97
2143, 97
2144, 97
2145, 97
2146, 97
2147, 97
2148, 97
2149, 97
2150, 97
2151, 97
2152, 97
2153, 97
2154, 97
2155, 97
2156, 98
2157, 99
2158, 100
2159, 101
2160, 102
2161, 103
2162, 98
2163, 98
2164, 98
2165, 98
2166, 98
2167, 98
2168, 98
2169, 98
2170, 98
2171, 98
2172, 98
2173, 98
2174, 98
2175, 98
2176, 98
2177, 98
2178, 99
2179, 100
2180, 101
2181, 102
2182, 103
2183, 104
2184, 105
2185, 99
2186, 99
2187, 99
2188, 99
2189, 99
2190, 99
2191, 99
2192, 99
2193, 99
2194, 99
2195, 99
2196, 99
2197, 99
2198, 99
2199, 99
2200, 100
2201, 101
2202, 102
2203, 103
2204, 104
2205, 105
2206, 106
2207, 107
2208, 100
2209, 100
2210, 100
2211, 100
2212, 100
2213, 100
2214, 100
2215, 100
2216, 100
2217, 100
2218, 100
2219, 100
2220, 100
2221, 100
2222, 101
2223, 102
2224, 103
2225, 104
2226, 105
2227, 106
2228, 107
2229, 108
2230, 109
2231, 101
2232, 101
2233, 101
2234, 101
2235, 101
2236, 101
2237, 101
2238, 101
2239, 101
2240, 101
2241, 101
2242, 101
2243, 101
2244, 102
2245, 103
2246, 104
2247, 105
2248, 106
2249, 107
2250, 108
2251, 109
2252, 110
2253, 111
2254, 102
2255, 102
2256, 102
2257, 102
2258, 102
2259, 102
2260, 102
2261, 102
2262, 102
2263, 102
2264, 102
2265, 102
2266, 103
2267, 104
2268, 105
2269, 106
2270, 107
2271, 108
2272, 109
2273, 110
2274, 111
2275, 112
2276, 113
2277, 103
2278, 103
2279, 103
2280, 103
2281, 103
2282, 103
2283, 103
2284, 103
2285, 103
2286, 103
2287, 103
2288, 104
2289, 105
2290, 106
2291, 107
2292, 108
2293, 109
2294, 110
2295, 111
2296, 112
2297, 113
2298, 114
2299, 115
2300, 104
2301, 104
2302, 104
2303, 104
2304, 104
2305, 104
2306, 104
2307, 104
2308, 104
2309, 104
2310, 105
2311, 106
2312, 107
2313, 108
2314, 109
2315, 110
2316, 111
2317, 112
2318, 113
2319, 114
2320, 115
2321, 116
2322, 117
2323, 105
2324, 105
2325, 105
2326, 105
2327, 105
2328, 105
2329, 105
2330, 105
2331, 105
2332, 106
2333, 107
2334, 108
2335, 109
2336, 110
2337, 111
2338, 112
2339, 113
2340, 114
2341, 115
2342, 116
2343, 117
2344, 118
2345, 119
2346, 106
2347, 106
2348, 106
2349, 106
2350, 106
2351, 106
2352, 106
2353, 106
2354, 107
2355, 108
2356, 109
2357, 110
2358, 111
2359, 112
2360, 113
2361, 114
2362, 115
2363, 116
2364, 117
2365, 118
2366, 119
2367, 120
2368, 121
2369, 107
2370, 107
2371, 107
2372, 107
2373, 107
2374, 107
2375, 107
2376, 108
2377, 109
2378, 110
2379, 111
2380, 112
2381, 113
2382, 114
2383, 115
2384, 116
2385, 117
2386, 118
2387, 119
2388, 120
2389, 121
2390, 122
2391, 123
2392, 108
2393, 108
2394, 108
2395, 108
2396, 108
2397, 108
2398, 109
2399, 110
2400, 111
2401, 112
2402, 113
2403, 114
2404, 115
2405, 116
2406, 117
2407, 118
2408, 119
2409, 120
2410, 121
2411, 122
2412, 123
2413, 124
2414, 125
2415, 109
2416, 109
2417, 109
2418, 109
2419, 109
2420, 110
2421, 111
2422, 112
2423, 113
2424, 114
2425, 115
2426, 116
2427, 117
2428, 118
2429, 119
2430, 120
2431, 121
2432, 122
2433, 123
2434, 124
2435, 125
2436, 126
2437, 127
2438, 110
2439, 110
2440, 110
2441, 110
2442, 111
2443, 112
2444, 113
2445, 114
2446, 115
2447, 116
2448, 117
2449, 118
2450, 119
2451, 120
2452, 121
2453, 122
2454, 123
2455, 124
2456, 125
2457, 126
2458, 127
2459, 128
2460, 129
2461, 111
2462, 111
2463, 111
2464, 112
2465, 113
2466, 114
2467, 115
2468, 116
2469, 117
2470, 118
2471, 119
2472, 120
2473, 121
2474, 122
2475, 123
2476, 124
2477, 125
2478, 126
2479, 127
2480, 128
2481, 129
2482, 130
2483, 131
2484, 112
2485, 112
2486, 113
2487, 114
2488, 115
2489, 116
2490, 117
2491, 118
2492, 119
2493, 120
2494, 121
2495, 122
2496, 123
2497, 124
2498, 125
2499, 126
2500, 127
2501, 128
2502, 129
2503, 130
2504, 131
2505, 132
2506, 133
2507, 113
2508, 114
2509, 115
2510, 116
2511, 117
2512, 118
2513, 119
2514, 120
2515, 121
2516, 122
2517, 123
2518, 124
2519, 125
2520, 126
2521, 127
2522, 128
2523, 129
2524, 130
2525, 131
2526, 132
2527, 133
2528, 134
2529, 135
2530, 115
2531, 116
2532, 117
2533, 118
2534, 119
2535, 120
2536, 121
2537, 122
2538, 123
2539, 124
2540, 125
2541, 126
2542, 127
2543, 128
2544, 129
2545, 130
2546, 131
2547, 132
2548, 133
2549, 134
2550, 135
2551, 136
2552, 138
2553, 162
2554, 163
2555, 164
2556, 165
2557, 166
2558, 167
2559, 168
2560, 169
2561, 170
2562, 171
2563, 172
2564, 173
2565, 174
2566, 175
2567, 176
2568, 177
2569, 178
2570, 179
2571, 180
2572, 181
2573, 182
2574, 183
2575, 185
2576, -1
2577, -1
2578, -1
2579, -1
2580, -1
2581, -1
2582, -1
2583, -1
2584, -1
2585, -1
2586, -1
2587, -1
2588, -1
2589, -1
2590, -1
2591, -1
2592, -1
2593, -1
2594, -1
2595, -1
2596, -1
2597, -1
2598, -1
2599, -1
2600, -1
2601, -1
2602, -1
2603, -1
2604, -1
2605, -1
2606, -1
2607, -1
2608, -1
2609, -1
2610, -1
2611, -1
2612, -1
2613, -1
2614, -1
2615, -1
2616, -1
2617, -1
2618, -1
2619, -1
2620, -1
2621, -1
2622, -1
2623, -1
2624, -1
2625, -1
2626, -1
2627, -1
2628, -1
2629, -1
2630, -1
2631, -1
2632, -1
2633, -1
2634, -1
2635, -1
2636, -1
2637, -1
2638, -1
2639, -1
2640, -1
2641, -1
2642, -1
2643, -1
2644, -1
2645, 120
2646, 120
2647, 120
2648, 120
2649, 120
2650, 120
2651, 120
2652, 120
2653, 120
2654, 120
2655, 120
2656, 120
2657, 120
2658, 120
2659, 120
2660, 120
2661, 120
2662, 121
2663, 122
2664, 123
2665, 124
2666, 125
2667, 126
2668, 121
2669, 121
2670, 121
2671, 121
2672, 121
2673, 121
2674, 121
2675, 121
2676, 121
2677, 121
2678, 121
2679, 121
2680, 121
2681, 121
2682, 121
2683, 121
2684, 122
2685, 123
2686, 124
2687, 125
2688, 126
2689, 127
2690, 128
2691, 122
2692, 122
2693, 122
2694, 122
2695, 122
2696, 122
2697, 122
2698, 122
2699, 122
2700, 122
2701, 122
2702, 122
2703, 122
2704, 122
2705, 122
2706, 123
2707, 124
2708, 125
2709, 126
2710, 127
2711, 128
2712, 129
2713, 130
2714, 123
2715, 123
2716, 123
2717, 123
2718, 123
2719, 123
2720, 123
2721, 123
2722, 123
2723, 123
2724, 123
2725, 123
2726, 123
2727, 123
2728, 124
2729, 125
2730, 126
2731, 127
2732, 128
2733, 129
2734, 130
2735, 131
2736, 132
2737, 124
2738, 124
2739, 124
2740, 124
2741, 124
2742, 124
2743, 124
2744, 124
2745, 124
2746, 124
2747, 124
2748, 124
2749, 124
2750, 125
2751, 126
2752, 127
2753, 128
2754, 129
2755, 130
2756, 131
2757, 132
2758, 133
2759, 134
2760, 125
2761, 125
2762, 125
2763, 125
2764, 125
2765, 125
2766, 125
2767, 125
2768, 125
2769, 125
2770, 125
2771, 125
2772, 126
2773, 127
2774, 128
2775, 129
2776, 130
2777, 131
2778, 132
2779, 133
2780, 134
2781, 135
2782, 136
2783, 126
2784, 126
2785, 126
2786, 126
2787, 126
2788, 126
2789, 126
2790, 126
2791, 126
2792, 126
2793, 126
2794, 127
2795, 128
2796, 129
2797, 130
2798, 131
2799, 132
2800, 133
2801, 134
2802, 135
2803, 136
2804, 137
2805, 138
2806, 127
2807, 127
2808, 127
2809, 127
2810, 127
2811, 127
2812, 127
2813, 127
2814, 127
2815, 127
2816, 128
2817, 129
2818, 130
2819, 131
2820, 132
2821, 133
2822, 134
2823, 135
2824, 136
2825, 137
2826, 138
2827, 139
2828, 140
2829, 128
2830, 128
2831, 128
2832, 128
2833, 128
2834, 128
2835, 128
2836, 128
2837, 128
2838, 129
2839, 130
2840, 131
2841, 132
2842, 133
2843, 134
2844, 135
2845, 136
2846, 137
2847, 138
2848, 139
2849, 140
2850, 141
2851, 142
2852, 129
2853, 129
2854, 129
2855, 129
2856, 129
2857, 129
2858, 129
2859, 129
2860, 130
2861, 131
2862, 132
2863, 133
2864, 134
2865, 135
2866, 136
2867, 137
2868, 138
2869, 139
2870, 140
2871, 141
2872, 142
2873, 143
2874, 144
2875, 130
2876, 130
2877, 130
2878, 130
2879, 130
2880, 130
2881, 130
2882, 131
2883, 132
2884, 133
2885, 134
2886, 135
2887, 136
2888, 137
2889, 138
2890, 139
2891, 140
2892, 141
2893, 142
2894, 143
2895, 144
2896, 145
2897, 146
2898, 131
2899, 131
2900, 131
2901, 131
2902, 131
2903, 131
2904, 132
2905, 133
2906, 134
2907, 135
2908, 136
2909, 137
2910, 138
2911, 139
2912, 140
2913, 141
2914, 142
2915, 143
2916, 144
2917, 145
2918, 146
2919, 147
2920, 148
2921, 132
2922, 132
2923, 132
2924, 132
2925, 132
2926, 133
2927, 134
2928, 135
2929, 136
2930, 137
2931, 138
2932, 139
2933, 140
2934, 141
2935, 142
2936, 143
2937, 144
2938, 145
2939, 146
2940, 147
2941, 148
2942, 149
2943, 150
2944, 133
2945, 133
2946, 133
2947, 133
2948, 134
2949, 135
2950, 136
2951, 137
2952, 138
2953, 139
2954, 140
2955, 141
2956, 142
2957, 143
2958, 144
2959, 145
2960, 146
2961, 147
2962, 148
2963, 149
2964, 150
2965, 151
2966, 152
2967, 134
2968, 134
2969, 134
2970, 135
2971, 136
2972, 137
2973, 138
2974, 139
2975, 140
2976, 141
2977, 142
2978, 143
2979, 144
2980, 145
2981, 146
2982, 147
2983, 148
2984, 149
2985, 150
2986, 151
2987, 152
2988, 153
2989, 154
2990, 135
2991, 135
2992, 136
2993, 137
2994, 138
2995, 139
2996, 140
2997, 141
2998, 142
2999, 143
3000, 144
3001, 145
3002, 146
3003, 147
3004, 148
3005, 149
3006, 150
3007, 151
3008, 152
3009, 153
3010, 154
3011, 155
3012, 156
3013, 136
3014, 137
3015, 138
3016, 139
3017, 140
3018, 141
3019, 142
3020, 143
3021, 144
3022, 145
3023, 146
3024, 147
3025, 148
3026, 149
3027, 150
3028, 151
3029, 152
3030, 153
3031, 154
3032, 155
3033, 156
3034, 157
3035, 158
3036, 138
3037, 139
3038, 140
3039, 141
3040, 142
3041, 143
3042, 144
3043, 145
3044, 146
3045, 147
3046, 148
3047, 149
3048, 150
3049, 151
3050, 152
3051, 153
3052, 154
3053, 155
3054, 156
3055, 157
3056, 158
3057, 159
3058, 161
3059, 185
3060, 186
3061, 187
3062, 188
3063, 189
3064, 190
3065, 191
3066, 192
3067, 193
3068, 194
3069, 195
3070, 196
3071, 197
3072, 198
3073, 199
3074, 200
3075, -1
3076, -1
3077, -1
3078, -1
3079, -1
3080, -1
3081, -1
3082, -1
3083, -1
3084, -1
3085, -1
3086, -1
3087, -1
3088, -1
3089, -1
3090, -1
3091, -1
3092, -1
3093, -1
3094, -1
3095, -1
3096, -1
3097, -1
3098, -1
3099, -1
3100, -1
3101, -1
3102, -1
3103, -1
3104, -1
3105, -1
3106, -1
3107, -1
3108, -1
3109, -1
3110, -1
3111, -1
3112, -1
3113, -1
3114, -1
3115, -1
3116, -1
3117, -1
3118, -1
3119, -1
3120, -1
3121, -1
3122, -1
3123, -1
3124, -1
3125, -1
3126, -1
3127, -1
3128, -1
3129, -1
3130, -1
3131, -1
3132, -1
3133, -1
3134, -1
3135, -1
3136, -1
3137, -1
3138, -1
3139, -1
3140, -1
3141, -1
3142, -1
3143, -1
3144, -1
3145, -1
3146, -1
3147, -1
3148, -1
3149, -1
3150, -1
3151, -1
3152, -1
3153, -1
3154, -1
3155, -1
3156, -1
3157, -1
3158, -1
3159, -1
3160, -1
3161, -1
3162, -1
3163, -1
3164, -1
3165, -1
3166, -1
3167, -1
3168, -1
3169, -1
3170, -1
3171, -1
3172, -1
3173, -1
3174, 144
3175, 144
3176, 144
3177, 144
3178, 144
3179, 144
3180, 144
3181, 144
3182, 144
3183, 144
3184, 144
3185, 144
3186, 144
3187, 144
3188, 144
3189, 144
3190, 145
3191, 146
3192, 147
3193, 148
3194, 149
3195, 150
3196, 151
3197, 145
3198, 145
3199, 145
3200, 145
3201, 145
3202, 145
3203, 145
3204, 145
3205, 145
3206, 145
3207, 145
3208, 145
3209, 145
3210, 145
3211, 145
3212, 146
3213, 147
3214, 148
3215, 149
3216, 150
3217, 151
3218, 152
3219, 153
3220, 146
3221, 146
3222, 146
3223, 146
3224, 146
3225, 146
3226, 146
3227, 146
3228, 146
3229, 146
3230, 146
3231, 146
3232, 146
3233, 146
3234, 147
3235, 148
3236, 149
3237, 150
3238, 151
3239, 152
3240, 153
3241, 154
3242, 155
3243, 147
3244, 147
3245, 147
3246, 147
3247, 147
3248, 147
3249, 147
3250, 147
3251, 147
3252, 147
3253, 147
3254, 147
3255, 147
3256, 148
3257, 149
3258, 150
3259, 151
3260, 152
3261, 153
3262, 154
3263, 155
3264, 156
3265, 157
3266, 148
3267, 148
3268, 148
3269, 148
3270, 148
3271, 148
3272, 148
3273, 148
3274, 148
3275, 148
3276, 148
3277, 148
3278, 149
3279, 150
3280, 151
3281, 152
3282, 153
3283, 154
3284, 155
3285, 156
3286, 157
3287, 158
3288, 159
3289, 149
3290, 149
3291, 149
3292, 149
3293, 149
3294, 149
3295, 149
3296, 149
3297, 149
3298, 149
3299, 149
3300, 150
3301, 151
3302, 152
3303, 153
3304, 154
3305, 155
3306, 156
3307, 157
3308, 158
3309, 159
3310, 160
3311, 161
3312, 150
3313, 150
3314, 150
3315, 150
3316, 150
3317, 150
3318, 150
3319, 150
3320, 150
3321, 150
3322, 151
3323, 152
3324, 153
3325, 154
3326, 155
3327, 156
3328, 157
3329, 158
3330, 159
3331, 160
3332, 161
3333, 162
3334, 163
3335, 151
3336, 151
3337, 151
3338, 151
3339, 151
3340, 151
3341, 151
3342, 151
3343, 151
3344, 152
3345, 153
3346, 154
3347, 155
3348, 156
3349, 157
3350, 158
3351, 159
3352, 160
3353, 161
3354, 162
3355, 163
3356, 164
3357, 165
3358, 152
3359, 152
3360, 152
3361, 152
3362, 152
3363, 152
3364, 152
3365, 152
3366, 153
3367, 154
3368, 155
3369, 156
3370, 157
3371, 158
3372, 159
3373, 160
3374, 161
3375, 162
3376, 163
3377, 164
3378, 165
3379, 166
3380, 167
3381, 153
3382, 153
3383, 153
3384, 153
3385, 153
3386, 153
3387, 153
3388, 154
3389, 155
3390, 156
3391, 157
3392, 158
3393, 159
3394, 160
3395, 161
3396, 162
3397, 163
3398, 164
3399, 165
3400, 166
3401, 167
3402, 168
3403, 169
3404, 154
3405, 154
3406, 154
3407, 154
3408, 154
3409, 154
3410, 155
3411, 156
3412, 157
3413, 158
3414, 159
3415, 160
3416, 161
3417, 162
3418, 163
3419, 164
3420, 165
3421, 166
3422, 167
3423, 168
3424, 169
3425, 170
3426, 171
3427, 155
3428, 155
3429, 155
3430, 155
3431, 155
3432, 156
3433, 157
3434, 158
3435, 159
3436, 160
3437, 161
3438, 162
3439, 163
3440, 164
3441, 165
3442, 166
3443, 167
3444, 168
3445, 169
3446, 170
3447, 171
3448, 172
3449, 173
3450, 156
3451, 156
3452, 156
3453, 156
3454, 157
3455, 158
3456, 159
3457, 160
3458, 161
3459, 162
3460, 163
3461, 164
3462, 165
3463, 166
3464, 167
3465, 168
3466, 169
3467, 170
3468, 171
3469, 172
3470, 173
3471, 174
3472, 175
3473, 157
3474, 157
3475, 157
3476, 158
3477, 159
3478, 160
3479, 161
3480, 162
3481, 163
3482, 164
3483, 165
3484, 166
3485, 167
3486, 168
3487, 169
3488, 170
3489, 171
3490, 172
3491, 173
3492, 174
3493, 175
3494, 176
3495, 177
3496, 158
3497, 158
3498, 159
3499, 160
3500, 161
3501, 162
3502, 163
3503, 164
3504, 165
3505, 166
3506, 167
3507, 168
3508, 169
3509, 170
3510, 171
3511, 172
3512, 173
3513, 174
3514, 175
3515, 176
3516, 177
3517, 178
3518, 179
3519, 159
3520, 160
3521, 161
3522, 162
3523, 163
3524, 164
3525, 165
3526, 166
3527, 167
3528, 168
3529, 169
3530, 170
3531, 171
3532, 172
3533, 173
3534, 174
3535, 175
3536, 176
3537, 177
3538, 178
3539, 179
3540, 180
3541, 181
3542, 161
3543, 162
3544, 163
3545, 164
3546, 165
3547, 166
3548, 167
3549, 168
3550, 169
3551, 170
3552, 171
3553, 172
3554, 173
3555, 174
3556, 175
3557, 176
3558, 177
3559, 178
3560, 179
3561, 180
3562, 181
3563, 182
3564, 184
3565, -1
3566, -1
3567, -1
3568, -1
3569, -1
3570, -1
3571, -1
3572, -1
3573, -1
3574, -1
3575, -1
3576, -1
3577, -1
3578, -1
3579, -1
3580, -1
3581, -1
3582, -1
3583, -1
3584, -1
3585, -1
3586, -1
3587, -1
3588, -1
3589, -1
3590, -1
3591, -1
3592, -1
3593, -1
3594, -1
3595, -1
3596, -1
3597, -1
3598, -1
3599, -1
3600, -1
3601, -1
3602, -1
3603, -1
3604, -1
3605, -1
3606, -1
3607, -1
3608, -1
3609, -1
3610, -1
3611, -1
3612, -1
3613, -1
3614, -1
3615, -1
3616, -1
3617, -1
3618, -1
3619, -1
3620, -1
3621, -1
3622, -1
3623, -1
3624, -1
3625, -1
3626, -1
3627, -1
3628, -1
3629, -1
3630, -1
3631, -1
3632, -1
3633, -1
3634, -1
3635, -1
3636, -1
3637, -1
3638, -1
3639, -1
3640, -1
3641, -1
3642, -1
3643, -1
3644, -1
3645, -1
3646, -1
3647, -1
3648, -1
3649, -1
3650, -1
3651, -1
3652, -1
3653, -1
3654, -1
3655, -1
3656, -1
3657, -1
3658, -1
3659, -1
3660, -1
3661, -1
3662, -1
3663, -1
3664, -1
3665, -1
3666, -1
3667, -1
3668, -1
3669, -1
3670, -1
3671, -1
3672, -1
3673, -1
3674, -1
3675, -1
3676, -1
3677, -1
3678, -1
3679, -1
3680, -1
3681, -1
3682, -1
3683, -1
3684, -1
3685, -1
3686, -1
3687, -1
3688, -1
3689, -1
3690, -1
3691, -1
3692, -1
3693, -1
3694, -1
3695, -1
3696, -1
3697, -1
3698, -1
3699, -1
3700, -1
3701, -1
3702, -1
3703, 168
3704, 168
3705, 168
3706, 168
3707, 168
3708, 168
3709, 168
3710, 168
3711, 168
3712, 168
3713, 168
3714, 168
3715, 168
3716, 168
3717, 168
3718, 169
3719, 170
3720, 171
3721, 172
3722, 173
3723, 174
3724, 175
3725, 176
3726, 169
3727, 169
3728, 169
3729, 169
3730, 169
3731, 169
3732, 169
3733, 169
3734, 169
3735, 169
3736, 169
3737, 169
3738, 169
3739, 169
3740, 170
3741, 171
3742, 172
3743, 173
3744, 174
3745, 175
3746, 176
3747, 177
3748, 178
3749, 170
3750, 170
3751, 170
3752, 170
3753, 170
3754, 170
3755, 170
3756, 170
3757, 170
3758, 170
3759, 170
3760, 170
3761, 170
3762, 171
3763, 172
3764, 173
3765, 174
3766, 175
3767, 176
3768, 177
3769, 178
3770, 179
3771, 180
3772, 171
3773, 171
3774, 171
3775, 171
3776, 171
3777, 171
3778, 171
3779, 171
3780, 171
3781, 171
3782, 171
3783, 171
3784, 172
3785, 173
3786, 174
3787, 175
3788, 176
3789, 177
3790, 178
3791, 179
3792, 180
3793, 181
3794, 182
3795, 172
3796, 172
3797, 172
3798, 172
3799, 172
3800, 172
3801, 172
3802, 172
3803, 172
3804, 172
3805, 172
3806, 173
3807, 174
3808, 175
3809, 176
3810, 177
3811, 178
3812, 179
3813, 180
3814, 181
3815, 182
3816, 183
3817, 184
3818, 173
3819, 173
3820, 173
3821, 173
3822, 173
3823, 173
3824, 173
3825, 173
3826, 173
3827, 173
3828, 174
3829, 175
3830, 176
3831, 177
3832, 178
3833, 179
3834, 180
3835, 181
3836, 182
3837, 183
3838, 184
3839, 185
3840, 186
3841, 174
3842, 174
3843, 174
3844, 174
3845, 174
3846, 174
3847, 174
3848, 174
3849, 174
3850, 175
3851, 176
3852, 177
3853, 178
3854, 179
3855, 180
3856, 181
3857, 182
3858, 183
3859, 184
3860, 185
3861, 186
3862, 187
3863, 188
3864, 175
3865, 175
3866, 175
3867, 175
3868, 175
3869, 175
3870, 175
3871, 175
3872, 176
3873, 177
3874, 178
3875, 179
3876, 180
3877, 181
3878, 182
3879, 183
3880, 184
3881, 185
3882, 186
3883, 187
3884, 188
3885, 189
3886, 190
3887, 176
3888, 176
3889, 176
3890, 176
3891, 176
3892, 176
3893, 176
3894, 177
3895, 178
3896, 179
3897, 180
3898, 181
3899, 182
3900, 183
3901, 184
3902, 185
3903, 186
3904, 187
3905, 188
3906, 189
3907, 190
3908, 191
3909, 192
3910, 177
3911, 177
3912, 177
3913, 177
3914, 177
3915, 177
3916, 178
3917, 179
3918, 180
3919, 181
3920, 182
3921, 183
3922, 184
3923, 185
3924, 186
3925, 187
3926, 188
3927, 189
3928, 190
3929, 191
3930, 192
3931, 193
3932, 194
3933, 178
3934, 178
3935, 178
3936, 178
3937, 178
3938, 179
3939, 180
3940, 181
3941, 182
3942, 183
3943, 184
3944, 185
3945, 186
3946, 187
3947, 188
3948, 189
3949, 190
3950, 191
3951, 192
3952, 193
3953, 194
3954, 195
3955, 196
3956, 179
3957, 179
3958, 179
3959, 179
3960, 180
3961, 181
3962, 182
3963, 183
3964, 184
3965, 185
3966, 186
3967, 187
3968, 188
3969, 189
3970, 190
3971, 191
3972, 192
3973, 193
3974, 194
3975, 195
3976, 196
3977, 197
3978, 198
3979, 180
3980, 180
3981, 180
3982, 181
3983, 182
3984, 183
3985, 184
3986, 185
3987, 186
3988, 187
3989, 188
3990, 189
3991, 190
3992, 191
3993, 192
3994, 193
3995, 194
3996, 195
3997, 196
3998, 197
3999, 198
4000, 199
4001, 200
4002, 181
4003, 181
4004, 182
4005, 183
4006, 184
4007, 185
4008, 186
4009, 187
4010, 188
4011, 189
4012, 190
4013, 191
4014, 192
4015, 193
4016, 194
4017, 195
4018, 196
4019, 197
4020, 198
4021, 199
4022, 200
4023, -1
4024, -1
4025, 182
4026, 183
4027, 184
4028, 185
4029, 186
4030, 187
4031, 188
4032, 189
4033, 190
4034, 191
4035, 192
4036, 193
4037, 194
4038, 195
4039, 196
4040, 197
4041, 198
4042, 199
4043, 200
4044, -1
4045, -1
4046, -1
4047, -1
4048, 184
4049, 185
4050, 186
4051, 187
4052, 188
4053, 189
4054, 190
4055, 191
4056, 192
4057, 193
4058, 194
4059, 195
4060, 196
4061, 197
4062, 198
4063, 199
4064, 200
4065, -1
4066, -1
4067, -1
4068, -1
4069, -1
4070, -1
4071, -1
4072, -1
4073, -1
4074, -1
4075, -1
4076, -1
4077, -1
4078, -1
4079, -1
4080, -1
4081, -1
4082, -1
4083, -1
4084, -1
4085, -1
4086, -1
4087, -1
4088, -1
4089, -1
4090, -1
4091, -1
4092, -1
4093, -1
4094, -1
4095, -1
4096, -1
4097, -1
4098, -1
4099, -1
4100, -1
4101, -1
4102, -1
4103, -1
4104, -1
4105, -1
4106, -1
4107, -1
4108, -1
4109, -1
4110, -1
4111, -1
4112, -1
4113, -1
4114, -1
4115, -1
4116, -1
4117, -1
4118, -1
4119, -1
4120, -1
4121, -1
4122, -1
4123, -1
4124, -1
4125, -1
4126, -1
4127, -1
4128, -1
4129, -1
4130, -1
4131, -1
4132, -1
4133, -1
4134, -1
4135, -1
4136, -1
4137, -1
4138, -1
4139, -1
4140, -1
4141, -1
4142, -1
4143, -1
4144, -1
4145, -1
4146, -1
4147, -1
4148, -1
4149, -1
4150, -1
4151, -1
4152, -1
4153, -1
4154, -1
4155, -1
4156, -1
4157, -1
4158, -1
4159, -1
4160, -1
4161, -1
4162, -1
4163, -1
4164, -1
4165, -1
4166, -1
4167, -1
4168, -1
4169, -1
4170, -1
4171, -1
4172, -1
4173, -1
4174, -1
4175, -1
4176, -1
4177, -1
4178, -1
4179, -1
4180, -1
4181, -1
4182, -1
4183, -1
4184, -1
4185, -1
4186, -1
4187, -1
4188, -1
4189, -1
4190, -1
4191, -1
4192, -1
4193, -1
4194, -1
4195, -1
4196, -1
4197, -1
4198, -1
4199, -1
4200, -1
4201, -1
4202, -1
4203, -1
4204, -1
4205, -1
4206, -1
4207, -1
4208, -1
4209, -1
4210, -1
4211, -1
4212, -1
4213, -1
4214, -1
4215, -1
4216, -1
4217, -1
4218, -1
4219, -1
4220, -1
4221, -1
4222, -1
4223, -1
4224, -1
4225, -1
4226, -1
4227, -1
4228, -1
4229, -1
4230, -1
4231, -1
4232, 192
4233, 192
4234, 192
4235, 192
4236, 192
4237, 192
4238, 192
4239, 192
4240, 192
4241, 192
4242, 192
4243, 192
4244, 192
4245, 192
4246, 193
4247, 194
4248, 195
4249, 196
4250, 197
4251, 198
4252, 199
4253, 200
4254, -1
4255, 193
4256, 193
4257, 193
4258, 193
4259, 193
4260, 193
4261, 193
4262, 193
4263, 193
4264, 193
4265, 193
4266, 193
4267, 193
4268, 194
4269, 195
4270, 196
4271, 197
4272, 198
4273, 199
4274, 200
4275, -1
4276, -1
4277, -1
4278, 194
4279, 194
4280, 194
4281, 194
4282, 194
4283, 194
4284, 194
4285, 194
4286, 194
4287, 194
4288, 194
4289, 194
4290, 195
4291, 196
4292, 197
4293, 198
4294, 199
4295, 200
4296, -1
4297, -1
4298, -1
4299, -1
4300, -1
4301, 195
4302, 195
4303, 195
4304, 195
4305, 195
4306, 195
4307, 195
4308, 195
4309, 195
4310, 195
4311, 195
4312, 196
4313, 197
4314, 198
4315, 199
4316, 200
4317, -1
4318, -1
4319, -1
4320, -1
4321, -1
4322, -1
4323, -1
4324, 196
4325, 196
4326, 196
4327, 196
4328, 196
4329, 196
4330, 196
4331, 196
4332, 196
4333, 196
4334, 197
4335, 198
4336, 199
4337, 200
4338, -1
4339, -1
4340, -1
4341, -1
4342, -1
4343, -1
4344, -1
4345, -1
4346, -1
4347, 197
4348, 197
4349, 197
4350, 197
4351, 197
4352, 197
4353, 197
4354, 197
4355, 197
4356, 198
4357, 199
4358, 200
4359, -1
4360, -1
4361, -1
4362, -1
4363, -1
4364, -1
4365, -1
4366, -1
4367, -1
4368, -1
4369, -1
4370, 198
4371, 198
4372, 198
4373, 198
4374, 198
4375, 198
4376, 198
4377, 198
4378, 199
4379, 200
4380, -1
4381, -1
4382, -1
4383, -1
4384, -1
4385, -1
4386, -1
4387, -1
4388, -1
4389, -1
4390, -1
4391, -1
4392, -1
4393, 199
4394, 199
4395, 199
4396, 199
4397, 199
4398, 199
4399, 199
4400, 200
4401, -1
4402, -1
4403, -1
4404, -1
4405, -1
4406, -1
4407, -1
4408, -1
4409, -1
4410, -1
4411, -1
4412, -1
4413, -1
4414, -1
4415, -1
4416, 200
4417, 200
4418, 200
4419, 200
4420, 200
4421, 200
