n,s0
0,0
1,0
2,0
3,0
4,0
5,0
6,0
7,0
8,0
9,0
10,0
11,0
12,0
13,0
14,0
15,0
16,1
17,1
18,1
19,1
20,1
21,1
22,1
23,1
24,1
25,1
26,1
27,1
28,1
29,1
30,1
31,1
32,2
33,3
34,2
35,2
36,2
37,2
38,2
39,2
40,2
41,2
42,2
43,2
44,2
45,2
46,2
47,2
48,3
49,4
50,5
51,3
52,3
53,3
54,3
55,3
56,3
57,3
58,3
59,3
60,3
61,3
62,3
63,3
64,4
65,5
66,6
67,7
68,4
69,4
70,4
71,4
72,4
73,4
74,4
75,4
76,4
77,4
78,4
79,4
80,5
81,6
82,7
83,8
84,9
85,5
86,5
87,5
88,5
89,5
90,5
91,5
92,5
93,5
94,5
95,5
96,6
97,7
98,8
99,9
100,10
101,11
102,6
103,6
104,6
105,6
106,6
107,6
108,6
109,6
110,6
111,6
112,7
113,8
114,9
115,10
116,11
117,12
118,13
119,7
120,7
121,7
122,7
123,7
124,7
125,7
126,7
127,7
128,8
129,9
130,10
131,11
132,12
133,13
134,14
135,15
136,8
137,8
138,8
139,8
140,8
141,8
142,8
143,8
144,9
145,10
146,11
147,12
148,13
149,14
150,15
151,16
152,17
153,9
154,9
155,9
156,9
157,9
158,9
159,9
160,10
161,11
162,12
163,13
164,14
165,15
166,16
167,17
168,18
169,19
170,10
171,10
172,10
173,10
174,10
175,10
176,11
177,12
178,13
179,14
180,15
181,16
182,17
183,18
184,19
185,20
186,21
187,11
188,11
189,11
190,11
191,11
192,12
193,13
194,14
195,15
196,16
197,17
198,18
199,19
200,20
201,21
202,22
203,23
204,12
205,12
206,12
207,12
208,13
209,14
210,15
211,16
212,17
213,18
214,19
215,20
216,21
217,22
218,23
219,24
220,25
221,13
222,13
223,13
224,14
225,15
226,16
227,17
228,18
229,19
230,20
231,21
232,22
233,23
234,24
235,25
236,26
237,27
238,14
239,14
240,15
241,16
242,17
243,18
244,19
245,20
246,21
247,22
248,23
249,24
250,25
251,26
252,27
253,28
254,29
255,15
256,16
257,17
258,18
259,19
260,20
261,21
262,22
263,23
264,24
265,25
266,26
267,27
268,28
269,29
270,30
271,31
272,17
273,18
274,19
275,20
276,21
277,22
278,23
279,24
280,25
281,26
282,27
283,28
284,29
285,30
286,31
287,32
288,34
289,18
290,18
291,18
292,18
293,18
294,18
295,18
296,18
297,18
298,18
299,18
300,18
301,18
302,18
303,18
304,19
305,20
306,19
307,19
308,19
309,19
310,19
311,19
312,19
313,19
314,19
315,19
316,19
317,19
318,19
319,19
320,20
321,21
322,22
323,20
324,20
325,20
326,20
327,20
328,20
329,20
330,20
331,20
332,20
333,20
334,20
335,20
336,21
337,22
338,23
339,24
340,21
341,21
342,21
343,21
344,21
345,21
346,21
347,21
348,21
349,21
350,21
351,21
352,22
353,23
354,24
355,25
356,26
357,22
358,22
359,22
360,22
361,22
362,22
363,22
364,22
365,22
366,22
367,22
368,23
369,24
370,25
371,26
372,27
373,28
374,23
375,23
376,23
377,23
378,23
379,23
380,23
381,23
382,23
383,23
384,24
385,25
386,26
387,27
388,28
389,29
390,30
391,24
392,24
393,24
394,24
395,24
396,24
397,24
398,24
399,24
400,25
401,26
402,27
403,28
404,29
405,30
406,31
407,32
408,25
409,25
410,25
411,25
412,25
413,25
414,25
415,25
416,26
417,27
418,28
419,29
420,30
421,31
422,32
423,33
424,34
425,26
426,26
427,26
428,26
429,26
430,26
431,26
432,27
433,28
434,29
435,30
436,31
437,32
438,33
439,34
440,35
441,36
442,27
443,27
444,27
445,27
446,27
447,27
448,28
449,29
450,30
451,31
452,32
453,33
454,34
455,35
456,36
457,37
458,38
459,28
460,28
461,28
462,28
463,28
464,29
465,30
466,31
467,32
468,33
469,34
470,35
471,36
472,37
473,38
474,39
475,40
476,29
477,29
478,29
479,29
480,30
481,31
482,32
483,33
484,34
485,35
486,36
487,37
488,38
489,39
490,40
491,41
492,42
493,30
494,30
495,30
496,31
497,32
498,33
499,34
500,35
501,36
502,37
503,38
504,39
505,40
506,41
507,42
508,43
509,44
510,31
511,31
512,32
513,33
514,34
515,35
516,36
517,37
518,38
519,39
520,40
521,41
522,42
523,43
524,44
525,45
526,46
527,32
528,33
529,34
530,35
531,36
532,37
533,38
534,39
535,40
536,41
537,42
538,43
539,44
540,45
541,46
542,47
543,48
544,34
545,35
546,36
547,37
548,38
549,39
550,40
551,41
552,42
553,43
554,44
555,45
556,46
557,47
558,48
559,49
560,51
561,69
562,70
563,71
564,72
565,73
566,74
567,75
568,76
569,77
570,78
571,79
572,80
573,81
574,82
575,83
576,84
577,86
578,36
579,36
580,36
581,36
582,36
583,36
584,36
585,36
586,36
587,36
588,36
589,36
590,36
591,36
592,37
593,38
594,39
595,37
596,37
597,37
598,37
599,37
600,37
601,37
602,37
603,37
604,37
605,37
606,37
607,37
608,38
609,39
610,40
611,41
612,38
613,38
614,38
615,38
616,38
617,38
618,38
619,38
620,38
621,38
622,38
623,38
624,39
625,40
626,41
627,42
628,43
629,39
630,39
631,39
632,39
633,39
634,39
635,39
636,39
637,39
638,39
639,39
640,40
641,41
642,42
643,43
644,44
645,45
646,40
647,40
648,40
649,40
650,40
651,40
652,40
653,40
654,40
655,40
656,41
657,42
658,43
659,44
660,45
661,46
662,47
663,41
664,41
665,41
666,41
667,41
668,41
669,41
670,41
671,41
672,42
673,43
674,44
675,45
676,46
677,47
678,48
679,49
680,42
681,42
682,42
683,42
684,42
685,42
686,42
687,42
688,43
689,44
690,45
691,46
692,47
693,48
694,49
695,50
696,51
697,43
698,43
699,43
700,43
701,43
702,43
703,43
704,44
705,45
706,46
707,47
708,48
709,49
710,50
711,51
712,52
713,53
714,44
715,44
716,44
717,44
718,44
719,44
720,45
721,46
722,47
723,48
724,49
725,50
726,51
727,52
728,53
729,54
730,55
731,45
732,45
733,45
734,45
735,45
736,46
737,47
738,48
739,49
740,50
741,51
742,52
743,53
744,54
745,55
746,56
747,57
748,46
749,46
750,46
751,46
752,47
753,48
754,49
755,50
756,51
757,52
758,53
759,54
760,55
761,56
762,57
763,58
764,59
765,47
766,47
767,47
768,48
769,49
770,50
771,51
772,52
773,53
774,54
775,55
776,56
777,57
778,58
779,59
780,60
781,61
782,48
783,48
784,49
785,50
786,51
787,52
788,53
789,54
790,55
791,56
792,57
793,58
794,59
795,60
796,61
797,62
798,63
799,49
800,50
801,51
802,52
803,53
804,54
805,55
806,56
807,57
808,58
809,59
810,60
811,61
812,62
813,63
814,64
815,65
816,51
817,52
818,53
819,54
820,55
821,56
822,57
823,58
824,59
825,60
826,61
827,62
828,63
829,64
830,65
831,66
832,68
833,86
834,87
835,88
836,89
837,90
838,91
839,92
840,93
841,94
842,95
843,96
844,97
845,98
846,99
847,100
848,101
849,103
850,120
851,121
852,122
853,123
854,124
855,125
856,126
857,127
858,128
859,129
860,130
861,131
862,132
863,132
864,134
865,136
866,138
867,54
868,54
869,54
870,54
871,54
872,54
873,54
874,54
875,54
876,54
877,54
878,54
879,54
880,55
881,56
882,57
883,58
884,55
885,55
886,55
887,55
888,55
889,55
890,55
891,55
892,55
893,55
894,55
895,55
896,56
897,57
898,58
899,59
900,60
901,56
902,56
903,56
904,56
905,56
906,56
907,56
908,56
909,56
910,56
911,56
912,57
913,58
914,59
915,60
916,61
917,62
918,57
919,57
920,57
921,57
922,57
923,57
924,57
925,57
926,57
927,57
928,58
929,59
930,60
931,61
932,62
933,63
934,64
935,58
936,58
937,58
938,58
939,58
940,58
941,58
942,58
943,58
944,59
945,60
946,61
947,62
948,63
949,64
950,65
951,66
952,59
953,59
954,59
955,59
956,59
957,59
958,59
959,59
960,60
961,61
962,62
963,63
964,64
965,65
966,66
967,67
968,68
969,60
970,60
971,60
972,60
973,60
974,60
975,60
976,61
977,62
978,63
979,64
980,65
981,66
982,67
983,68
984,69
985,70
986,61
987,61
988,61
989,61
990,61
991,61
992,62
993,63
994,64
995,65
996,66
997,67
998,68
999,69
1000,70
1001,71
1002,72
1003,62
1004,62
1005,62
1006,62
1007,62
1008,63
1009,64
1010,65
1011,66
1012,67
1013,68
1014,69
1015,70
1016,71
1017,72
1018,73
1019,74
1020,63
1021,63
1022,63
1023,63
1024,64
1025,65
1026,66
1027,67
1028,68
1029,69
1030,70
1031,71
1032,72
1033,73
1034,74
1035,75
1036,76
1037,64
1038,64
1039,64
1040,65
1041,66
1042,67
1043,68
1044,69
1045,70
1046,71
1047,72
1048,73
1049,74
1050,75
1051,76
1052,77
1053,78
1054,65
1055,65
1056,66
1057,67
1058,68
1059,69
1060,70
1061,71
1062,72
1063,73
1064,74
1065,75
1066,76
1067,77
1068,78
1069,79
1070,80
1071,66
1072,67
1073,68
1074,69
1075,70
1076,71
1077,72
1078,73
1079,74
1080,75
1081,76
1082,77
1083,78
1084,79
1085,80
1086,81
1087,82
1088,68
1089,69
1090,70
1091,71
1092,72
1093,73
1094,74
1095,75
1096,76
1097,77
1098,78
1099,79
1100,80
1101,81
1102,82
1103,83
1104,85
1105,103
1106,104
1107,105
1108,106
1109,107
1110,108
1111,109
1112,110
1113,111
1114,112
1115,113
1116,114
1117,115
1118,116
1119,117
1120,118
1121,120
1122,137
1123,138
1124,139
1125,140
1126,141
1127,142
1128,143
1129,144
1130,145
1131,146
1132,147
1133,148
1134,149
1135,149
1136,151
1137,153
1138,155
1139,171
1140,172
1141,173
1142,174
1143,175
1144,176
1145,177
1146,178
1147,179
1148,180
1149,181
1150,181
1151,182
1152,184
1153,186
1154,188
1155,190
1156,72
1157,72
1158,72
1159,72
1160,72
1161,72
1162,72
1163,72
1164,72
1165,72
1166,72
1167,72
1168,73
1169,74
1170,75
1171,76
1172,77
1173,73
1174,73
1175,73
1176,73
1177,73
1178,73
1179,73
1180,73
1181,73
1182,73
1183,73
1184,74
1185,75
1186,76
1187,77
1188,78
1189,79
1190,74
1191,74
1192,74
1193,74
1194,74
1195,74
1196,74
1197,74
1198,74
1199,74
1200,75
1201,76
1202,77
1203,78
1204,79
1205,80
1206,81
1207,75
1208,75
1209,75
1210,75
1211,75
1212,75
1213,75
1214,75
1215,75
1216,76
1217,77
1218,78
1219,79
1220,80
1221,81
1222,82
1223,83
1224,76
1225,76
1226,76
1227,76
1228,76
1229,76
1230,76
1231,76
1232,77
1233,78
1234,79
1235,80
1236,81
1237,82
1238,83
1239,84
1240,85
1241,77
1242,77
1243,77
1244,77
1245,77
1246,77
1247,77
1248,78
1249,79
1250,80
1251,81
1252,82
1253,83
1254,84
1255,85
1256,86
1257,87
1258,78
1259,78
1260,78
1261,78
1262,78
1263,78
1264,79
1265,80
1266,81
1267,82
1268,83
1269,84
1270,85
1271,86
1272,87
1273,88
1274,89
1275,79
1276,79
1277,79
1278,79
1279,79
1280,80
1281,81
1282,82
1283,83
1284,84
1285,85
1286,86
1287,87
1288,88
1289,89
1290,90
1291,91
1292,80
1293,80
1294,80
1295,80
1296,81
1297,82
1298,83
1299,84
1300,85
1301,86
1302,87
1303,88
1304,89
1305,90
1306,91
1307,92
1308,93
1309,81
1310,81
1311,81
1312,82
1313,83
1314,84
1315,85
1316,86
1317,87
1318,88
1319,89
1320,90
1321,91
1322,92
1323,93
1324,94
1325,95
1326,82
1327,82
1328,83
1329,84
1330,85
1331,86
1332,87
1333,88
1334,89
1335,90
1336,91
1337,92
1338,93
1339,94
1340,95
1341,96
1342,97
1343,83
1344,84
1345,85
1346,86
1347,87
1348,88
1349,89
1350,90
1351,91
1352,92
1353,93
1354,94
1355,95
1356,96
1357,97
1358,98
1359,99
1360,85
1361,86
1362,87
1363,88
1364,89
1365,90
1366,91
1367,92
1368,93
1369,94
1370,95
1371,96
1372,97
1373,98
1374,99
1375,100
1376,102
1377,120
1378,121
1379,122
1380,123
1381,124
1382,125
1383,126
1384,127
1385,128
1386,129
1387,130
1388,131
1389,132
1390,133
1391,134
1392,135
1393,137
1394,154
1395,155
1396,156
1397,157
1398,158
1399,159
1400,160
1401,161
1402,162
1403,163
1404,164
1405,165
1406,166
1407,166
1408,168
1409,170
1410,172
1411,188
1412,189
1413,190
1414,191
1415,192
1416,193
1417,194
1418,195
1419,196
1420,197
1421,198
1422,198
1423,199
1424,-1
1425,-1
1426,-1
1427,-1
1428,-1
1429,-1
1430,-1
1431,-1
1432,-1
1433,-1
1434,-1
1435,-1
1436,-1
1437,-1
1438,-1
1439,-1
1440,-1
1441,-1
1442,-1
1443,-1
1444,-1
1445,90
1446,90
1447,90
1448,90
1449,90
1450,90
1451,90
1452,90
1453,90
1454,90
1455,90
1456,91
1457,92
1458,93
1459,94
1460,95
1461,96
1462,91
1463,91
1464,91
1465,91
1466,91
1467,91
1468,91
1469,91
1470,91
1471,91
1472,92
1473,93
1474,94
1475,95
1476,96
1477,97
1478,98
1479,92
1480,92
1481,92
1482,92
1483,92
1484,92
1485,92
1486,92
1487,92
1488,93
1489,94
1490,95
1491,96
1492,97
1493,98
1494,99
1495,100
1496,93
1497,93
1498,93
1499,93
1500,93
1501,93
1502,93
1503,93
1504,94
1505,95
1506,96
1507,97
1508,98
1509,99
1510,100
1511,101
1512,102
1513,94
1514,94
1515,94
1516,94
1517,94
1518,94
1519,94
1520,95
1521,96
1522,97
1523,98
1524,99
1525,100
1526,101
1527,102
1528,103
1529,104
1530,95
1531,95
1532,95
1533,95
1534,95
1535,95
1536,96
1537,97
1538,98
1539,99
1540,100
1541,101
1542,102
1543,103
1544,104
1545,105
1546,106
1547,96
1548,96
1549,96
1550,96
1551,96
1552,97
1553,98
1554,99
1555,100
1556,101
1557,102
1558,103
1559,104
1560,105
1561,106
1562,107
1563,108
1564,97
1565,97
1566,97
1567,97
1568,98
1569,99
1570,100
1571,101
1572,102
1573,103
1574,104
1575,105
1576,106
1577,107
1578,108
1579,109
1580,110
1581,98
1582,98
1583,98
1584,99
1585,100
1586,101
1587,102
1588,103
1589,104
1590,105
1591,106
1592,107
1593,108
1594,109
1595,110
1596,111
1597,112
1598,99
1599,99
1600,100
1601,101
1602,102
1603,103
1604,104
1605,105
1606,106
1607,107
1608,108
1609,109
1610,110
1611,111
1612,112
1613,113
1614,114
1615,100
1616,101
1617,102
1618,103
1619,104
1620,105
1621,106
1622,107
1623,108
1624,109
1625,110
1626,111
1627,112
1628,113
1629,114
1630,115
1631,116
1632,102
1633,103
1634,104
1635,105
1636,106
1637,107
1638,108
1639,109
1640,110
1641,111
1642,112
1643,113
1644,114
1645,115
1646,116
1647,117
1648,119
1649,137
1650,138
1651,139
1652,140
1653,141
1654,142
1655,143
1656,144
1657,145
1658,146
1659,147
1660,148
1661,149
1662,150
1663,151
1664,152
1665,154
1666,171
1667,172
1668,173
1669,174
1670,175
1671,176
1672,177
1673,178
1674,179
1675,180
1676,181
1677,182
1678,183
1679,183
1680,185
1681,187
1682,189
1683,-1
1684,-1
1685,-1
1686,-1
1687,-1
1688,-1
1689,-1
1690,-1
1691,-1
1692,-1
1693,-1
1694,-1
1695,-1
1696,-1
1697,-1
1698,-1
1699,-1
1700,-1
1701,-1
1702,-1
1703,-1
1704,-1
1705,-1
1706,-1
1707,-1
1708,-1
1709,-1
1710,-1
1711,-1
1712,-1
1713,-1
1714,-1
1715,-1
1716,-1
1717,-1
1718,-1
1719,-1
1720,-1
1721,-1
1722,-1
1723,-1
1724,-1
1725,-1
1726,-1
1727,-1
1728,-1
1729,-1
1730,-1
1731,-1
1732,-1
1733,-1
1734,108
1735,108
1736,108
1737,108
1738,108
1739,108
1740,108
1741,108
1742,108
1743,108
1744,109
1745,110
1746,111
1747,112
1748,113
1749,114
1750,115
1751,109
1752,109
1753,109
1754,109
1755,109
1756,109
1757,109
1758,109
1759,109
1760,110
1761,111
1762,112
1763,113
1764,114
1765,115
1766,116
1767,117
1768,110
1769,110
1770,110
1771,110
1772,110
1773,110
1774,110
1775,110
1776,111
1777,112
1778,113
1779,114
1780,115
1781,116
1782,117
1783,118
1784,119
1785,111
1786,111
1787,111
1788,111
1789,111
1790,111
1791,111
1792,112
1793,113
1794,114
1795,115
1796,116
1797,117
1798,118
1799,119
1800,120
1801,121
1802,112
1803,112
1804,112
1805,112
1806,112
1807,112
1808,113
1809,114
1810,115
1811,116
1812,117
1813,118
1814,119
1815,120
1816,121
1817,122
1818,123
1819,113
1820,113
1821,113
1822,113
1823,113
1824,114
1825,115
1826,116
1827,117
1828,118
1829,119
1830,120
1831,121
1832,122
1833,123
1834,124
1835,125
1836,114
1837,114
1838,114
1839,114
1840,115
1841,116
1842,117
1843,118
1844,119
1845,120
1846,121
1847,122
1848,123
1849,124
1850,125
1851,126
1852,127
1853,115
1854,115
1855,115
1856,116
1857,117
1858,118
1859,119
1860,120
1861,121
1862,122
1863,123
1864,124
1865,125
1866,126
1867,127
1868,128
1869,129
1870,116
1871,116
1872,117
1873,118
1874,119
1875,120
1876,121
1877,122
1878,123
1879,124
1880,125
1881,126
1882,127
1883,128
1884,129
1885,130
1886,131
1887,117
1888,118
1889,119
1890,120
1891,121
1892,122
1893,123
1894,124
1895,125
1896,126
1897,127
1898,128
1899,129
1900,130
1901,131
1902,132
1903,133
1904,119
1905,120
1906,121
1907,122
1908,123
1909,124
1910,125
1911,126
1912,127
1913,128
1914,129
1915,130
1916,131
1917,132
1918,133
1919,134
1920,136
1921,154
1922,155
1923,156
1924,157
1925,158
1926,159
1927,160
1928,161
1929,162
1930,163
1931,164
1932,165
1933,166
1934,167
1935,168
1936,169
1937,171
1938,188
1939,189
1940,190
1941,191
1942,192
1943,193
1944,194
1945,195
1946,196
1947,197
1948,198
1949,199
1950,200
1951,200
1952,-1
1953,-1
1954,-1
1955,-1
1956,-1
1957,-1
1958,-1
1959,-1
1960,-1
1961,-1
1962,-1
1963,-1
1964,-1
1965,-1
1966,-1
1967,-1
1968,-1
1969,-1
1970,-1
1971,-1
1972,-1
1973,-1
1974,-1
1975,-1
1976,-1
1977,-1
1978,-1
1979,-1
1980,-1
1981,-1
1982,-1
1983,-1
1984,-1
1985,-1
1986,-1
1987,-1
1988,-1
1989,-1
1990,-1
1991,-1
1992,-1
1993,-1
1994,-1
1995,-1
1996,-1
1997,-1
1998,-1
1999,-1
2000,-1
2001,-1
2002,-1
2003,-1
2004,-1
2005,-1
2006,-1
2007,-1
2008,-1
2009,-1
2010,-1
2011,-1
2012,-1
2013,-1
2014,-1
2015,-1
2016,-1
2017,-1
2018,-1
2019,-1
2020,-1
2021,-1
2022,-1
2023,126
2024,126
2025,126
2026,126
2027,126
2028,126
2029,126
2030,126
2031,126
2032,127
2033,128
2034,129
2035,130
2036,131
2037,132
2038,133
2039,134
2040,127
2041,127
2042,127
2043,127
2044,127
2045,127
2046,127
2047,127
2048,128
2049,129
2050,130
2051,131
2052,132
2053,133
2054,134
2055,135
2056,136
2057,128
2058,128
2059,128
2060,128
2061,128
2062,128
2063,128
2064,129
2065,130
2066,131
2067,132
2068,133
2069,134
2070,135
2071,136
2072,137
2073,138
2074,129
2075,129
2076,129
2077,129
2078,129
2079,129
2080,130
2081,131
2082,132
2083,133
2084,134
2085,135
2086,136
2087,137
2088,138
2089,139
2090,140
2091,130
2092,130
2093,130
2094,130
2095,130
2096,131
2097,132
2098,133
2099,134
2100,135
2101,136
2102,137
2103,138
2104,139
2105,140
2106,141
2107,142
2108,131
2109,131
2110,131
2111,131
2112,132
2113,133
2114,134
2115,135
2116,136
2117,137
2118,138
2119,139
2120,140
2121,141
2122,142
2123,143
2124,144
2125,132
2126,132
2127,132
2128,133
2129,134
2130,135
2131,136
2132,137
2133,138
2134,139
2135,140
2136,141
2137,142
2138,143
2139,144
2140,145
2141,146
2142,133
2143,133
2144,134
2145,135
2146,136
2147,137
2148,138
2149,139
2150,140
2151,141
2152,142
2153,143
2154,144
2155,145
2156,146
2157,147
2158,148
2159,134
2160,135
2161,136
2162,137
2163,138
2164,139
2165,140
2166,141
2167,142
2168,143
2169,144
2170,145
2171,146
2172,147
2173,148
2174,149
2175,150
2176,136
2177,137
2178,138
2179,139
2180,140
2181,141
2182,142
2183,143
2184,144
2185,145
2186,146
2187,147
2188,148
2189,149
2190,150
2191,151
2192,153
2193,171
2194,172
2195,173
2196,174
2197,175
2198,176
2199,177
2200,178
2201,179
2202,180
2203,181
2204,182
2205,183
2206,184
2207,185
2208,186
2209,188
2210,-1
2211,-1
2212,-1
2213,-1
2214,-1
2215,-1
2216,-1
2217,-1
2218,-1
2219,-1
2220,-1
2221,-1
2222,-1
2223,-1
2224,-1
2225,-1
2226,-1
2227,-1
2228,-1
2229,-1
2230,-1
2231,-1
2232,-1
2233,-1
2234,-1
2235,-1
2236,-1
2237,-1
2238,-1
2239,-1
2240,-1
2241,-1
2242,-1
2243,-1
2244,-1
2245,-1
2246,-1
2247,-1
2248,-1
2249,-1
2250,-1
2251,-1
2252,-1
2253,-1
2254,-1
2255,-1
2256,-1
2257,-1
2258,-1
2259,-1
2260,-1
2261,-1
2262,-1
2263,-1
2264,-1
2265,-1
2266,-1
2267,-1
2268,-1
2269,-1
2270,-1
2271,-1
2272,-1
2273,-1
2274,-1
2275,-1
2276,-1
2277,-1
2278,-1
2279,-1
2280,-1
2281,-1
2282,-1
2283,-1
2284,-1
2285,-1
2286,-1
2287,-1
2288,-1
2289,-1
2290,-1
2291,-1
2292,-1
2293,-1
2294,-1
2295,-1
2296,-1
2297,-1
2298,-1
2299,-1
2300,-1
2301,-1
2302,-1
2303,-1
2304,-1
2305,-1
2306,-1
2307,-1
2308,-1
2309,-1
2310,-1
2311,-1
2312,144
2313,144
2314,144
2315,144
2316,144
2317,144
2318,144
2319,144
2320,145
2321,146
2322,147
2323,148
2324,149
2325,150
2326,151
2327,152
2328,153
2329,145
2330,145
2331,145
2332,145
2333,145
2334,145
2335,145
2336,146
2337,147
2338,148
2339,149
2340,150
2341,151
2342,152
2343,153
2344,154
2345,155
2346,146
2347,146
2348,146
2349,146
2350,146
2351,146
2352,147
2353,148
2354,149
2355,150
2356,151
2357,152
2358,153
2359,154
2360,155
2361,156
2362,157
2363,147
2364,147
2365,147
2366,147
2367,147
2368,148
2369,149
2370,150
2371,151
2372,152
2373,153
2374,154
2375,155
2376,156
2377,157
2378,158
2379,159
2380,148
2381,148
2382,148
2383,148
2384,149
2385,150
2386,151
2387,152
2388,153
2389,154
2390,155
2391,156
2392,157
2393,158
2394,159
2395,160
2396,161
2397,149
2398,149
2399,149
2400,150
2401,151
2402,152
2403,153
2404,154
2405,155
2406,156
2407,157
2408,158
2409,159
2410,160
2411,161
2412,162
2413,163
2414,150
2415,150
2416,151
2417,152
2418,153
2419,154
2420,155
2421,156
2422,157
2423,158
2424,159
2425,160
2426,161
2427,162
2428,163
2429,164
2430,165
2431,151
2432,152
2433,153
2434,154
2435,155
2436,156
2437,157
2438,158
2439,159
2440,160
2441,161
2442,162
2443,163
2444,164
2445,165
2446,166
2447,167
2448,153
2449,154
2450,155
2451,156
2452,157
2453,158
2454,159
2455,160
2456,161
2457,162
2458,163
2459,164
2460,165
2461,166
2462,167
2463,168
2464,170
2465,188
2466,189
2467,190
2468,191
2469,192
2470,193
2471,194
2472,195
2473,196
2474,197
2475,198
2476,199
2477,200
2478,-1
2479,-1
2480,-1
2481,-1
2482,-1
2483,-1
2484,-1
2485,-1
2486,-1
2487,-1
2488,-1
2489,-1
2490,-1
2491,-1
2492,-1
2493,-1
2494,-1
2495,-1
2496,-1
2497,-1
2498,-1
2499,-1
2500,-1
2501,-1
2502,-1
2503,-1
2504,-1
2505,-1
2506,-1
2507,-1
2508,-1
2509,-1
2510,-1
2511,-1
2512,-1
2513,-1
2514,-1
2515,-1
2516,-1
2517,-1
2518,-1
2519,-1
2520,-1
2521,-1
2522,-1
2523,-1
2524,-1
2525,-1
2526,-1
2527,-1
2528,-1
2529,-1
2530,-1
2531,-1
2532,-1
2533,-1
2534,-1
2535,-1
2536,-1
2537,-1
2538,-1
2539,-1
2540,-1
2541,-1
2542,-1
2543,-1
2544,-1
2545,-1
2546,-1
2547,-1
2548,-1
2549,-1
2550,-1
2551,-1
2552,-1
2553,-1
2554,-1
2555,-1
2556,-1
2557,-1
2558,-1
2559,-1
2560,-1
2561,-1
2562,-1
2563,-1
2564,-1
2565,-1
2566,-1
2567,-1
2568,-1
2569,-1
2570,-1
2571,-1
2572,-1
2573,-1
2574,-1
2575,-1
2576,-1
2577,-1
2578,-1
2579,-1
2580,-1
2581,-1
2582,-1
2583,-1
2584,-1
2585,-1
2586,-1
2587,-1
2588,-1
2589,-1
2590,-1
2591,-1
2592,-1
2593,-1
2594,-1
2595,-1
2596,-1
2597,-1
2598,-1
2599,-1
2600,-1
2601,162
2602,162
2603,162
2604,162
2605,162
2606,162
2607,162
2608,163
2609,164
2610,165
2611,166
2612,167
2613,168
2614,169
2615,170
2616,171
2617,172
2618,163
2619,163
2620,163
2621,163
2622,163
2623,163
2624,164
2625,165
2626,166
2627,167
2628,168
2629,169
2630,170
2631,171
2632,172
2633,173
2634,174
2635,164
2636,164
2637,164
2638,164
2639,164
2640,165
2641,166
2642,167
2643,168
2644,169
2645,170
2646,171
2647,172
2648,173
2649,174
2650,175
2651,176
2652,165
2653,165
2654,165
2655,165
2656,166
2657,167
2658,168
2659,169
2660,170
2661,171
2662,172
2663,173
2664,174
2665,175
2666,176
2667,177
2668,178
2669,166
2670,166
2671,166
2672,167
2673,168
2674,169
2675,170
2676,171
2677,172
2678,173
2679,174
2680,175
2681,176
2682,177
2683,178
2684,179
2685,180
2686,167
2687,167
2688,168
2689,169
2690,170
2691,171
2692,172
2693,173
2694,174
2695,175
2696,176
2697,177
2698,178
2699,179
2700,180
2701,181
2702,182
2703,168
2704,169
2705,170
2706,171
2707,172
2708,173
2709,174
2710,175
2711,176
2712,177
2713,178
2714,179
2715,180
2716,181
2717,182
2718,183
2719,184
2720,170
2721,171
2722,172
2723,173
2724,174
2725,175
2726,176
2727,177
2728,178
2729,179
2730,180
2731,181
2732,182
2733,183
2734,184
2735,185
2736,187
2737,-1
2738,-1
2739,-1
2740,-1
2741,-1
2742,-1
2743,-1
2744,-1
2745,-1
2746,-1
2747,-1
2748,-1
2749,-1
2750,-1
2751,-1
2752,-1
2753,-1
2754,-1
2755,-1
2756,-1
2757,-1
2758,-1
2759,-1
2760,-1
2761,-1
2762,-1
2763,-1
2764,-1
2765,-1
2766,-1
2767,-1
2768,-1
2769,-1
2770,-1
2771,-1
2772,-1
2773,-1
2774,-1
2775,-1
2776,-1
2777,-1
2778,-1
2779,-1
2780,-1
2781,-1
2782,-1
2783,-1
2784,-1
2785,-1
2786,-1
2787,-1
2788,-1
2789,-1
2790,-1
2791,-1
2792,-1
2793,-1
2794,-1
2795,-1
2796,-1
2797,-1
2798,-1
2799,-1
2800,-1
2801,-1
2802,-1
2803,-1
2804,-1
2805,-1
2806,-1
2807,-1
2808,-1
2809,-1
2810,-1
2811,-1
2812,-1
2813,-1
2814,-1
2815,-1
2816,-1
2817,-1
2818,-1
2819,-1
2820,-1
2821,-1
2822,-1
2823,-1
2824,-1
2825,-1
2826,-1
2827,-1
2828,-1
2829,-1
2830,-1
2831,-1
2832,-1
2833,-1
2834,-1
2835,-1
2836,-1
2837,-1
2838,-1
2839,-1
2840,-1
2841,-1
2842,-1
2843,-1
2844,-1
2845,-1
2846,-1
2847,-1
2848,-1
2849,-1
2850,-1
2851,-1
2852,-1
2853,-1
2854,-1
2855,-1
2856,-1
2857,-1
2858,-1
2859,-1
2860,-1
2861,-1
2862,-1
2863,-1
2864,-1
2865,-1
2866,-1
2867,-1
2868,-1
2869,-1
2870,-1
2871,-1
2872,-1
2873,-1
2874,-1
2875,-1
2876,-1
2877,-1
2878,-1
2879,-1
2880,-1
2881,-1
2882,-1
2883,-1
2884,-1
2885,-1
2886,-1
2887,-1
2888,-1
2889,-1
2890,180
2891,180
2892,180
2893,180
2894,180
2895,180
2896,181
2897,182
2898,183
2899,184
2900,185
2901,186
2902,187
2903,188
2904,189
2905,190
2906,191
2907,181
2908,181
2909,181
2910,181
2911,181
2912,182
2913,183
2914,184
2915,185
2916,186
2917,187
2918,188
2919,189
2920,190
2921,191
2922,192
2923,193
2924,182
2925,182
2926,182
2927,182
2928,183
2929,184
2930,185
2931,186
2932,187
2933,188
2934,189
2935,190
2936,191
2937,192
2938,193
2939,194
2940,195
2941,183
2942,183
2943,183
2944,184
2945,185
2946,186
2947,187
2948,188
2949,189
2950,190
2951,191
2952,192
2953,193
2954,194
2955,195
2956,196
2957,197
2958,184
2959,184
2960,185
2961,186
2962,187
2963,188
2964,189
2965,190
2966,191
2967,192
2968,193
2969,194
2970,195
2971,196
2972,197
2973,198
2974,199
2975,185
2976,186
2977,187
2978,188
2979,189
2980,190
2981,191
2982,192
2983,193
2984,194
2985,195
2986,196
2987,197
2988,198
2989,199
2990,200
2991,-1
2992,187
2993,188
2994,189
2995,190
2996,191
2997,192
2998,193
2999,194
3000,195
3001,196
3002,197
3003,198
3004,199
3005,200
3006,-1
3007,-1
3008,-1
3009,-1
3010,-1
3011,-1
3012,-1
3013,-1
3014,-1
3015,-1
3016,-1
3017,-1
3018,-1
3019,-1
3020,-1
3021,-1
3022,-1
3023,-1
3024,-1
3025,-1
3026,-1
3027,-1
3028,-1
3029,-1
3030,-1
3031,-1
3032,-1
3033,-1
3034,-1
3035,-1
3036,-1
3037,-1
3038,-1
3039,-1
3040,-1
3041,-1
3042,-1
3043,-1
3044,-1
3045,-1
3046,-1
3047,-1
3048,-1
3049,-1
3050,-1
3051,-1
3052,-1
3053,-1
3054,-1
3055,-1
3056,-1
3057,-1
3058,-1
3059,-1
3060,-1
3061,-1
3062,-1
3063,-1
3064,-1
3065,-1
3066,-1
3067,-1
3068,-1
3069,-1
3070,-1
3071,-1
3072,-1
3073,-1
3074,-1
3075,-1
3076,-1
3077,-1
3078,-1
3079,-1
3080,-1
3081,-1
3082,-1
3083,-1
3084,-1
3085,-1
3086,-1
3087,-1
3088,-1
3089,-1
3090,-1
3091,-1
3092,-1
3093,-1
3094,-1
3095,-1
3096,-1
3097,-1
3098,-1
3099,-1
3100,-1
3101,-1
3102,-1
3103,-1
3104,-1
3105,-1
3106,-1
3107,-1
3108,-1
3109,-1
3110,-1
3111,-1
3112,-1
3113,-1
3114,-1
3115,-1
3116,-1
3117,-1
3118,-1
3119,-1
3120,-1
3121,-1
3122,-1
3123,-1
3124,-1
3125,-1
3126,-1
3127,-1
3128,-1
3129,-1
3130,-1
3131,-1
3132,-1
3133,-1
3134,-1
3135,-1
3136,-1
3137,-1
3138,-1
3139,-1
3140,-1
3141,-1
3142,-1
3143,-1
3144,-1
3145,-1
3146,-1
3147,-1
3148,-1
3149,-1
3150,-1
3151,-1
3152,-1
3153,-1
3154,-1
3155,-1
3156,-1
3157,-1
3158,-1
3159,-1
3160,-1
3161,-1
3162,-1
3163,-1
3164,-1
3165,-1
3166,-1
3167,-1
3168,-1
3169,-1
3170,-1
3171,-1
3172,-1
3173,-1
3174,-1
3175,-1
3176,-1
3177,-1
3178,-1
3179,198
3180,198
3181,198
3182,198
3183,198
3184,199
3185,200
3186,-1
3187,-1
3188,-1
3189,-1
3190,-1
3191,-1
3192,-1
3193,-1
3194,-1
3195,-1
3196,199
3197,199
3198,199
3199,199
3200,200
3201,-1
3202,-1
3203,-1
3204,-1
3205,-1
3206,-1
3207,-1
3208,-1
3209,-1
3210,-1
3211,-1
3212,-1
3213,200
3214,200
3215,200
