Y
N,Y
N,Y,Y
N,N,2,1
N,Y,Y,Y,Y
N,N,3,1,5,1
N,N,2,1,2,Y,2
N,N,N,4,4,3,4,3
N,Y,Y,Y,Y,Y,1,2,Y
N,N,4,1,6,2,4,2,8,1
N,N,3,1,3,1,3,1,5,Y,2
N,N,N,5,5,5,5,4,7,6,4,3
N,N,2,1,2,Y,2,3,4,Y,1,2,2
N,N,N,5,5,3,5,4,9,5,4,2,7,3
N,N,N,4,4,3,4,3,6,4,6,1,4,2,4
N,N,N,N,8,6,7,6,8,7,8,7,6,5,6,5
N,Y,Y,Y,Y,Y,1,2,Y,6,4,4,3,2,3,4,Y
N,N,5,1,7,3,5,3,9,2,10,5,9,4,6,4,11,1
N,N,4,1,5,2,3,2,7,1,4,4,7,3,5,3,8,Y,2
N,N,N,6,7,8,5,4,9,9,6,6,9,8,7,6,10,9,4,3
N,N,3,1,3,1,3,2,4,1,3,5,6,3,4,5,7,Y,1,2,2
N,N,N,6,6,6,6,4,8,6,6,4,11,8,7,5,12,8,4,2,7,3
N,N,N,5,5,5,5,4,6,5,5,3,7,7,9,4,9,7,7,1,4,2,4
N,N,N,N,10,8,10,7,8,7,10,7,9,9,11,10,11,10,11,8,6,5,6,5
N,N,2,1,2,Y,2,3,4,Y,1,3,2,6,8,9,8,4,4,4,3,2,3,4,2
N,N,N,6,6,4,6,4,10,6,5,3,8,4,11,9,16,9,8,5,9,4,6,4,10,3
N,N,N,5,5,3,5,4,7,5,11,2,6,3,6,8,13,8,10,4,7,3,5,3,7,2,4
N,N,N,N,10,7,9,8,9,9,9,11,8,8,8,8,15,14,12,11,9,8,7,6,9,8,6,5
N,N,N,4,4,3,4,3,6,4,6,3,5,3,5,7,10,8,9,11,10,3,4,5,6,2,3,4,4
N,N,N,N,9,7,8,7,9,7,9,8,8,6,8,7,15,12,12,10,16,11,7,5,11,7,6,4,9,5
N,N,N,N,8,6,7,6,8,7,8,7,8,5,7,6,11,11,14,9,12,10,12,4,8,6,8,3,6,4,6
N,N,N,N,N,11,11,10,12,10,11,10,11,9,10,9,13,13,16,15,14,13,14,13,10,9,10,9,8,7,8,7
N,Y,Y,Y,Y,Y,1,2,Y,6,4,4,3,3,3,5,1,12,11,12,11,13,10,10,7,8,6,6,5,4,5,6,Y
N,N,6,2,8,3,6,4,10,3,11,6,10,5,7,5,13,2,17,13,17,12,17,11,16,8,12,7,11,6,8,6,14,1
N,N,5,1,10,3,3,3,9,2,6,5,9,4,7,4,10,1,4,12,15,11,13,10,14,7,9,6,9,5,7,5,11,Y,2
N,N,N,7,9,17,5,6,11,11,8,8,11,11,9,9,12,12,6,6,17,16,15,14,16,15,11,10,11,10,9,8,13,12,4,3
N,N,4,1,5,2,3,2,7,1,4,7,7,4,6,7,11,1,3,5,6,11,12,14,14,7,8,9,9,5,6,7,10,Y,1,2,2
N,N,N,7,8,9,6,4,10,10,7,7,12,8,9,8,15,13,6,5,11,8,15,13,20,15,11,9,14,10,9,7,15,11,4,2,7,3
N,N,N,6,7,8,5,4,11,9,6,6,9,7,12,7,13,12,9,4,8,7,10,12,16,14,14,8,11,9,11,6,12,10,7,1,4,2,4
N,N,N,N,13,11,12,7,11,14,14,9,11,10,11,15,15,15,17,11,10,10,12,12,18,17,18,15,13,12,13,12,14,13,14,8,6,5,6,5
N,N,3,1,3,1,3,2,4,1,3,5,6,6,6,6,8,5,5,7,7,7,9,11,10,11,11,11,10,9,10,11,11,4,4,4,3,2,3,4,2
N,N,N,7,7,7,7,4,9,7,7,5,12,9,10,7,14,10,9,7,13,8,12,11,18,12,15,12,16,11,13,11,19,12,8,5,9,4,6,4,10,3
N,N,N,6,6,6,6,4,7,6,6,4,9,8,10,6,11,9,9,6,10,7,9,10,15,11,14,11,14,10,12,10,16,11,13,4,7,3,5,3,7,2,4
N,N,N,N,12,10,12,8,9,10,12,8,11,12,12,11,13,13,14,10,12,12,11,10,17,17,16,16,16,15,14,13,18,17,15,14,9,8,7,6,9,8,6,5
N,N,N,5,5,5,5,4,6,5,5,3,7,7,9,9,12,8,8,5,8,7,8,9,10,11,13,15,16,10,11,12,15,11,12,10,12,3,4,5,6,2,3,4,4
N,N,N,N,11,9,11,8,9,8,11,7,10,10,12,11,16,13,13,10,11,10,11,9,15,12,16,14,21,18,14,12,20,16,15,13,15,13,7,5,11,7,6,4,9,5
N,N,N,N,10,8,10,7,8,7,10,7,9,9,11,10,14,12,17,9,11,9,11,8,12,11,14,13,17,17,19,11,17,15,17,12,16,12,13,4,8,6,8,3,6,4,6
N,N,N,N,N,14,14,13,12,10,13,13,13,12,14,13,16,15,16,23,15,13,14,13,14,13,16,16,19,19,21,20,19,18,19,18,17,17,16,14,10,9,10,9,8,7,8,7
N,N,2,1,2,Y,2,3,4,Y,1,3,2,6,8,9,8,8,7,6,4,7,8,9,7,12,11,13,12,16,18,19,16,16,16,14,12,10,10,10,7,8,6,6,5,4,5,6,2
N,N,N,7,7,5,7,4,11,7,6,4,9,5,12,10,17,10,12,8,11,6,12,9,16,9,17,13,18,14,21,19,27,17,20,17,19,13,14,11,16,8,12,7,11,6,8,6,13,3
N,N,N,6,6,4,6,4,9,6,6,3,8,4,8,9,15,9,12,7,10,5,8,8,13,8,10,12,16,13,16,18,24,16,18,16,20,12,14,10,14,7,9,6,9,5,7,5,10,2,4
N,N,N,N,12,9,11,9,11,12,9,8,10,10,10,11,17,17,14,14,12,11,10,10,15,15,12,11,18,18,18,18,26,25,20,19,21,21,16,15,16,15,11,10,11,10,9,8,12,11,6,5
N,N,N,5,5,3,5,4,7,5,12,2,6,3,6,9,12,9,11,11,16,4,6,8,10,7,9,10,10,13,15,17,21,16,17,18,18,12,13,13,15,7,8,9,9,5,6,7,9,2,3,4,4
N,N,N,N,11,8,10,9,10,10,10,13,9,9,9,9,16,14,14,12,17,18,9,8,14,12,12,10,15,11,18,17,26,23,20,18,23,19,16,14,19,16,11,9,14,10,9,7,14,10,6,4,9,5
N,N,N,N,10,7,9,8,9,9,9,9,8,8,8,8,14,13,13,11,15,16,14,7,12,11,11,9,12,10,13,16,22,22,23,17,20,18,20,13,17,15,14,8,11,9,11,6,11,9,9,3,6,4,6
N,N,N,N,N,13,14,13,14,12,14,11,14,11,13,11,16,15,18,15,17,17,20,15,14,14,16,13,14,13,15,15,24,24,27,24,22,21,22,21,19,18,19,15,13,12,13,12,13,12,13,10,8,7,8,7
N,N,N,4,4,3,4,3,6,4,6,3,5,3,5,7,10,8,9,12,10,10,11,11,11,7,8,9,9,10,11,14,15,18,19,20,19,18,19,20,18,11,11,11,10,9,10,11,10,6,6,6,5,4,5,6,4
N,N,N,N,10,8,9,8,10,8,10,8,9,7,9,8,16,13,13,11,17,12,15,12,17,12,12,10,15,11,14,13,23,16,23,21,25,20,22,20,26,19,15,12,16,11,13,11,18,11,10,7,11,6,8,6,12,5
N,N,N,N,9,7,8,7,9,7,9,8,8,6,8,7,13,12,18,10,14,11,16,11,15,11,16,9,13,10,13,12,19,15,18,20,23,19,21,19,23,18,20,11,14,10,12,10,15,10,12,6,9,5,7,5,9,4,6
N,N,N,N,N,13,13,12,14,11,13,12,12,10,12,11,15,16,17,22,16,16,16,18,17,16,15,19,15,15,15,15,21,21,20,20,25,24,23,22,25,24,22,21,16,15,14,13,17,16,14,13,11,10,9,8,11,10,8,7
N,N,N,N,8,6,7,6,8,7,8,7,8,5,7,6,11,11,14,11,13,11,13,11,15,11,12,9,11,10,12,14,18,15,17,20,20,19,20,21,22,18,19,21,20,10,11,12,14,10,11,13,12,5,6,7,8,4,5,6,6
N,N,N,N,N,12,12,11,13,11,12,11,12,9,11,10,14,14,17,16,16,14,16,15,18,17,15,13,14,13,15,13,23,20,20,19,26,22,23,21,27,23,22,20,26,21,14,12,19,15,14,12,18,13,9,7,13,9,8,6,11,7
N,N,N,N,N,11,11,10,12,10,11,10,11,9,10,9,13,13,16,15,16,13,15,14,17,16,18,12,14,12,14,12,19,19,21,18,22,21,24,20,24,22,24,19,22,20,22,11,16,14,16,11,14,12,14,6,10,8,10,5,8,6,8
N,N,N,N,N,N,17,15,17,15,15,14,15,13,14,13,17,16,19,18,19,17,18,17,20,19,21,19,17,15,17,16,21,21,23,22,24,24,26,26,26,25,26,25,24,23,24,23,18,17,18,17,16,15,16,15,12,11,12,11,10,9,10,9
N,Y,Y,Y,Y,Y,1,2,Y,6,4,4,3,3,3,5,1,12,11,12,11,14,10,11,8,15,13,13,11,9,10,12,5,20,19,19,18,26,22,23,21,24,22,22,21,23,20,20,15,16,14,14,13,17,12,12,9,10,8,8,7,6,7,8,Y
N,N,7,3,9,3,7,5,11,4,12,7,11,6,8,6,14,3,18,14,18,13,18,12,18,9,20,15,18,12,14,12,20,7,25,20,24,19,32,24,30,23,28,23,27,22,27,21,27,16,20,15,19,14,22,13,18,10,14,9,13,8,10,8,17,1
N,N,6,2,8,3,5,4,12,3,7,6,12,5,9,5,12,2,6,13,17,12,15,11,16,8,11,14,17,11,13,11,18,6,9,19,22,18,21,23,27,22,25,22,25,21,23,20,25,15,17,14,17,13,15,12,16,9,11,8,11,7,9,7,14,Y,2
N,N,N,9,11,12,7,9,12,16,9,8,13,15,11,12,14,15,8,9,19,19,17,17,18,18,13,13,19,18,15,14,20,20,11,11,24,23,23,23,29,29,27,26,27,26,25,24,27,26,19,18,19,18,17,16,18,17,13,12,13,12,11,10,16,15,4,3
N,N,5,1,10,3,3,3,9,2,6,6,8,5,7,8,14,2,5,8,10,12,14,14,20,8,10,12,13,11,12,12,16,6,8,10,11,18,19,23,24,21,23,25,25,21,22,24,25,15,16,17,17,13,14,16,16,9,10,11,11,7,8,9,13,Y,1,2,2
N,N,N,8,10,15,6,7,12,12,9,8,12,11,10,10,17,15,8,8,15,13,17,16,21,22,13,12,18,15,15,13,20,17,11,10,16,13,22,21,30,25,26,25,30,26,25,23,31,26,19,17,22,18,17,15,22,17,13,11,16,12,11,9,18,14,4,2,7,3
N,N,N,7,9,12,5,6,11,11,8,8,9,10,10,9,18,14,7,7,12,12,16,15,20,20,16,11,15,14,22,12,18,16,10,9,12,12,15,20,25,24,25,24,27,25,27,22,27,25,22,16,19,17,19,14,18,16,16,10,13,11,13,8,15,13,7,1,4,2,4
N,N,N,N,16,14,15,9,15,14,18,11,11,12,16,12,18,20,18,10,14,14,18,18,22,22,25,18,17,17,19,22,20,19,21,12,14,14,17,16,27,27,29,27,29,28,29,28,29,28,29,23,21,20,21,20,20,19,20,17,15,14,15,14,17,16,17,8,6,5,6,5
N,N,4,1,5,2,3,2,7,1,4,7,7,4,6,7,11,4,4,6,7,11,14,17,15,12,13,14,14,13,14,15,18,6,6,8,8,11,13,15,13,21,22,23,23,25,26,27,26,19,19,19,18,17,18,19,17,13,13,13,12,11,12,13,14,4,4,4,3,2,3,4,2
N,N,N,8,9,10,7,5,11,10,8,8,13,9,10,9,16,14,8,6,13,9,17,17,23,16,17,15,20,16,18,16,24,20,10,8,14,9,16,15,21,14,26,24,29,25,29,27,34,27,23,20,24,19,21,19,25,18,17,14,18,13,15,13,22,15,8,5,9,4,6,4,10,3
N,N,N,7,8,9,6,4,10,10,7,7,10,8,9,8,15,13,10,5,10,8,12,16,20,15,16,14,18,15,18,15,22,19,16,7,11,8,11,14,18,13,15,23,27,24,27,26,31,26,28,19,22,18,20,18,22,17,19,13,16,12,14,12,19,14,14,4,7,3,5,3,7,2,4
N,N,N,N,15,13,14,8,13,14,16,11,12,12,12,12,17,17,19,12,12,13,14,15,22,21,19,18,20,19,20,20,24,24,24,18,13,13,13,13,20,19,17,17,29,28,29,29,33,32,30,29,24,23,22,21,24,23,21,20,18,17,16,15,21,20,18,15,9,8,7,6,9,8,6,5
N,N,N,6,7,8,5,4,11,9,6,6,9,7,11,7,13,12,9,7,9,8,11,14,17,15,18,13,16,14,16,18,22,19,16,13,16,8,10,12,14,13,14,16,17,23,25,28,30,26,27,25,27,18,19,20,21,17,18,19,19,12,13,14,18,14,14,10,12,3,4,5,6,2,3,4,4
N,N,N,N,14,12,13,8,12,15,15,10,12,10,12,13,16,16,18,12,12,11,14,13,22,20,19,19,19,18,19,18,26,23,24,18,19,18,13,12,19,16,17,15,22,19,28,27,35,31,30,28,30,28,22,20,26,22,21,19,24,20,16,14,23,19,18,15,15,13,7,5,11,7,6,4,9,5
N,N,N,N,13,11,12,7,11,13,14,9,11,10,11,11,15,15,17,11,12,10,13,12,18,19,21,17,18,17,18,17,24,22,30,17,19,17,19,11,16,15,18,14,18,18,20,26,32,30,32,27,31,27,28,19,23,21,23,18,21,19,21,13,20,18,20,14,15,12,13,4,8,6,8,3,6,4,6
N,N,N,N,N,18,16,15,15,15,19,18,15,13,14,13,20,18,20,20,16,13,16,16,20,21,23,22,23,20,21,20,26,25,26,28,23,21,22,21,18,18,20,20,20,20,22,22,34,33,34,33,32,32,31,29,25,24,25,24,23,22,23,22,22,21,22,21,19,16,16,14,10,9,10,9,8,7,8,7
N,N,3,1,3,1,3,2,4,1,3,5,6,6,6,6,8,5,5,7,7,7,9,12,10,17,17,16,14,14,15,16,16,15,14,13,12,15,15,17,15,17,16,17,17,17,19,21,18,31,31,29,27,25,25,25,22,23,21,21,20,19,20,21,19,16,15,14,12,10,10,10,7,8,6,6,5,4,5,6,2
N,N,N,8,8,8,8,4,10,8,8,6,13,10,11,8,15,11,10,8,14,9,13,12,19,13,22,18,21,15,19,17,25,18,19,15,19,14,19,17,24,16,22,18,23,19,22,21,29,20,35,32,34,28,29,26,31,23,27,22,26,21,23,21,30,20,20,16,19,13,14,11,16,8,12,7,11,6,8,6,13,3
N,N,N,7,7,7,7,4,12,7,7,5,11,9,10,7,13,10,10,7,12,8,11,11,17,12,16,17,20,14,16,16,23,17,25,14,17,13,16,16,21,15,17,17,21,18,21,20,26,19,22,31,35,27,29,25,29,22,24,21,24,20,22,20,27,19,21,15,18,12,14,10,14,7,9,6,9,5,7,5,10,2,4
N,N,N,N,14,12,14,9,11,28,14,10,13,15,12,11,15,16,16,12,14,15,13,13,19,20,18,19,22,21,18,17,25,25,22,25,19,19,18,17,23,23,19,18,23,23,23,23,28,28,24,24,36,36,31,30,31,30,26,25,26,25,24,23,29,28,23,22,20,19,16,15,16,15,11,10,11,10,9,8,12,11,6,5
N,N,N,6,6,6,6,4,7,6,6,4,9,8,10,7,11,9,9,6,10,8,10,11,14,12,15,18,20,14,15,15,20,17,18,16,19,12,14,15,18,15,16,17,17,18,20,22,25,19,21,23,24,27,28,28,30,22,23,24,24,20,21,22,26,19,20,21,21,12,13,13,15,7,8,9,9,5,6,7,9,2,3,4,4
N,N,N,N,13,11,13,9,10,11,13,9,12,13,13,11,14,14,15,11,13,13,13,11,18,17,18,17,25,23,18,16,24,22,21,20,22,20,17,16,22,20,19,17,22,18,23,22,30,27,24,23,29,26,31,29,34,31,26,24,29,25,24,22,31,27,23,21,26,22,16,14,19,16,11,9,14,10,9,7,14,10,6,4,9,5
N,N,N,N,12,10,12,8,9,10,12,8,11,12,12,11,16,13,14,10,12,12,12,10,15,16,17,16,21,22,28,15,21,21,21,19,21,19,18,15,20,19,19,16,19,17,19,21,27,26,27,22,26,25,28,28,32,30,29,23,26,24,26,21,28,26,26,20,23,21,23,13,17,15,14,8,11,9,11,6,11,9,9,3,6,4,6
N,N,N,N,N,17,17,15,14,13,17,15,16,15,17,14,16,18,19,16,17,15,17,14,17,18,22,19,23,24,26,28,23,23,26,22,25,23,23,19,22,22,24,21,21,20,21,20,29,29,31,29,28,28,30,30,34,33,34,30,28,27,28,27,30,29,30,27,25,24,25,24,19,18,19,15,13,12,13,12,13,12,13,10,8,7,8,7
N,N,N,5,5,5,5,4,6,5,5,3,7,7,9,9,12,8,8,5,8,7,8,10,10,11,13,15,16,20,21,21,23,16,17,15,17,15,15,15,15,15,16,17,17,17,18,19,19,23,23,25,25,25,27,29,28,26,26,26,25,24,25,26,27,23,23,23,22,21,24,22,21,11,11,11,10,9,10,11,10,6,6,6,5,4,5,6,4
N,N,N,N,12,10,12,9,10,9,12,8,11,11,13,11,17,14,14,11,12,11,12,10,16,13,17,15,22,19,25,22,29,24,21,19,21,19,19,16,21,17,20,17,23,19,21,19,27,21,27,25,31,26,30,29,36,30,30,27,31,26,28,26,35,28,27,24,28,23,25,25,28,22,15,12,16,11,13,11,18,11,10,7,11,6,8,6,12,5
N,N,N,N,11,9,11,8,9,8,11,7,10,10,12,11,15,13,14,10,12,10,12,9,14,12,20,14,19,18,21,21,27,23,26,18,21,18,19,15,19,16,23,16,20,18,20,18,23,20,23,24,28,25,27,28,33,29,32,26,29,25,27,25,32,27,29,23,26,22,24,23,29,21,23,11,14,10,12,10,15,10,12,6,9,5,7,5,9,4,6
N,N,N,N,N,16,16,15,14,12,15,14,15,14,16,15,17,17,17,16,17,14,16,15,16,16,18,22,21,22,23,23,29,28,27,27,24,23,23,21,21,20,21,24,22,22,22,21,25,25,25,24,30,30,29,28,35,35,34,34,31,30,29,28,34,33,31,30,28,27,26,25,29,30,25,24,16,15,14,13,17,16,14,13,11,10,9,8,11,10,8,7
N,N,N,N,10,8,10,7,8,7,10,7,9,9,11,10,14,12,16,9,11,9,11,10,13,11,14,14,17,17,20,21,26,23,24,21,24,18,19,16,20,15,17,16,18,17,19,20,22,19,21,24,24,25,26,27,28,29,31,33,34,25,26,27,31,27,28,30,29,22,23,24,25,21,22,20,22,10,11,12,14,10,11,13,12,5,6,7,8,4,5,6,6
N,N,N,N,N,15,15,14,13,11,14,14,14,13,15,14,17,15,17,18,16,14,15,14,16,14,17,17,20,20,23,22,30,28,27,25,26,25,23,21,23,22,20,19,21,20,22,20,27,23,24,23,30,26,29,27,33,30,34,32,39,36,29,27,36,32,31,29,35,30,26,24,30,26,25,23,25,23,14,12,19,15,14,12,18,13,9,7,13,9,8,6,11,7
N,N,N,N,N,14,14,13,12,10,13,13,13,12,14,13,16,15,16,16,15,13,14,13,16,13,16,16,19,19,22,21,27,27,35,24,26,25,23,20,23,21,23,18,21,19,21,19,24,22,24,22,26,25,28,26,30,29,32,31,35,35,37,26,33,31,33,28,31,29,31,23,27,25,27,22,27,22,23,11,16,14,16,11,14,12,14,6,10,8,10,5,8,6,8
N,N,N,N,N,N,21,18,19,15,17,17,20,17,18,17,20,18,19,18,22,18,18,17,20,17,19,19,22,22,25,24,29,29,32,34,29,27,29,24,27,25,26,25,24,23,24,23,26,25,26,25,28,28,30,30,32,31,34,34,37,37,39,38,35,34,35,34,33,32,33,32,29,28,29,28,27,28,26,24,18,17,18,17,16,15,16,15,12,11,12,11,10,9,10,9
N,N,2,1,2,Y,2,3,4,Y,1,3,2,6,8,9,8,8,7,6,4,7,8,9,7,13,11,13,12,16,18,20,17,26,26,24,21,18,17,16,13,21,18,19,18,17,18,19,15,24,22,22,21,28,26,27,25,30,29,31,30,34,36,37,32,33,31,31,30,32,29,29,26,27,28,24,22,20,20,20,15,16,14,14,13,15,12,12,9,10,8,8,7,6,7,8,2
N,N,N,8,8,6,8,5,12,7,7,5,10,6,13,11,18,11,13,9,12,7,13,10,17,10,18,14,19,15,22,20,29,18,31,28,29,22,22,18,23,15,25,20,25,19,22,20,27,17,28,23,27,23,33,27,34,27,35,31,36,32,39,37,46,33,37,32,36,31,36,30,35,27,31,29,29,23,24,21,27,16,20,15,19,14,19,13,18,10,14,9,13,8,10,8,16,3
N,N,N,7,7,5,7,4,12,7,6,4,12,5,10,10,17,10,14,8,15,6,10,9,15,9,12,13,18,14,18,19,26,17,20,27,29,21,23,17,21,14,17,19,23,18,20,19,25,16,19,22,25,22,25,26,31,26,28,30,34,31,34,36,43,32,34,31,34,30,32,29,33,26,28,28,29,22,24,20,25,15,17,14,17,13,15,12,16,9,11,8,11,7,9,7,13,2,4
N,N,N,N,14,11,13,10,13,16,10,10,11,18,12,13,19,19,16,16,14,18,12,13,17,18,14,14,20,21,20,21,28,28,22,22,32,30,25,24,23,23,19,18,25,25,22,21,27,27,21,21,27,26,27,27,33,33,30,29,36,36,36,36,45,44,36,35,36,35,34,33,35,34,30,29,33,30,26,25,27,26,19,18,19,18,17,16,18,17,13,12,13,12,11,10,15,14,6,5
N,N,N,6,6,4,6,4,9,6,6,3,8,4,8,9,15,9,12,11,13,5,8,9,13,8,11,13,14,14,17,19,25,17,19,21,22,21,22,20,23,13,15,17,18,18,19,19,22,16,18,20,21,21,23,27,27,25,27,28,28,31,33,35,40,32,33,34,34,30,31,33,33,26,27,28,28,22,23,23,26,15,16,17,17,13,14,16,16,9,10,11,11,7,8,9,12,2,3,4,4