x, n0
0, 0
1, 0
2, 0
3, 0
4, 0
5, 0
6, 0
7, 0
8, 0
9, 0
10, 0
11, 0
12, 0
13, 0
14, 0
15, 0
16, 0
17, 0
18, 0
19, 0
20, 0
21, 0
22, 0
23, 0
24, 0
25, 0
26, 0
27, 0
28, 0
29, 0
30, 0
31, 0
32, 0
33, 0
34, 0
35, 0
36, 0
37, 0
38, 0
39, 0
40, 0
41, 0
42, 0
43, 0
44, 0
45, 0
46, 0
47, 0
48, 0
49, 0
50, 0
51, 0
52, 0
53, 0
54, 0
55, 0
56, 0
57, 0
58, 0
59, 0
60, 0
61, 0
62, 0
63, 0
64, 0
65, 0
66, 0
67, 0
68, 0
69, 0
70, 0
71, 0
72, 0
73, 0
74, 0
75, 0
76, 0
77, 0
78, 0
79, 0
80, 0
81, 0
82, 0
83, 0
84, 0
85, 0
86, 0
87, 0
88, 0
89, 0
90, 0
91, 0
92, 0
93, 0
94, 0
95, 0
96, 0
97, 0
98, 0
99, 0
100, 0
101, 0
102, 0
103, 0
104, 0
105, 0
106, 0
107, 0
108, 0
109, 0
110, 0
111, 0
112, 0
113, 0
114, 0
115, 0
116, 0
117, 0
118, 0
119, 0
120, 0
121, 0
122, 0
123, 0
124, 0
125, 0
126, 0
127, 0
128, 0
129, 0
130, 0
131, 0
132, 0
133, 0
134, 0
135, 0
136, 0
137, 0
138, 0
139, 0
140, 0
141, 0
142, 0
143, 0
144, 0
145, 0
146, 0
147, 0
148, 0
149, 0
150, 0
151, 0
152, 0
153, 0
154, 0
155, 0
156, 0
157, 0
158, 0
159, 0
160, 0
161, 0
162, 0
163, 0
164, 0
165, 0
166, 0
167, 0
168, 0
169, 0
170, 0
171, 0
172, 0
173, 0
174, 0
175, 0
176, 0
177, 0
178, 0
179, 0
180, 0
181, 0
182, 0
183, 0
184, 0
185, 0
186, 0
187, 0
188, 0
189, 0
190, 0
191, 0
192, 0
193, 0
194, 0
195, 0
196, 0
197, 0
198, 0
199, 0
200, 0
201, 0
202, 0
203, 0
204, 0
205, 0
206, 0
207, 0
208, 0
209, 0
210, 0
211, 0
212, 0
213, 0
214, 0
215, 0
216, 0
217, 0
218, 0
219, 0
220, 0
221, 0
222, 0
223, 0
224, 0
225, 0
226, 0
227, 0
228, 0
229, 0
230, 0
231, 0
232, 0
233, 0
234, 0
235, 0
236, 0
237, 0
238, 0
239, 0
240, 0
241, 0
242, 0
243, 0
244, 0
245, 0
246, 0
247, 0
248, 0
249, 0
250, 0
251, 0
252, 0
253, 0
254, 0
255, 0
256, 0
257, 0
258, 0
259, 0
260, 0
261, 0
262, 0
263, 0
264, 0
265, 0
266, 0
267, 0
268, 0
269, 0
270, 0
271, 0
272, 0
273, 0
274, 0
275, 0
276, 0
277, 0
278, 0
279, 0
280, 0
281, 0
282, 0
283, 0
284, 0
285, 0
286, 0
287, 0
288, 0
289, 0
290, 0
291, 0
292, 0
293, 0
294, 0
295, 0
296, 0
297, 0
298, 0
299, 0
300, 0
301, 0
302, 0
303, 0
304, 0
305, 0
306, 0
307, 0
308, 0
309, 0
310, 0
311, 0
312, 0
313, 0
314, 0
315, 0
316, 0
317, 0
318, 0
319, 0
320, 0
321, 0
322, 0
323, 0
324, 0
325, 0
326, 0
327, 0
328, 0
329, 0
330, 0
331, 0
332, 0
333, 0
334, 0
335, 0
336, 0
337, 0
338, 0
339, 0
340, 0
341, 0
342, 1
343, 1
344, 1
345, 1
346, 1
347, 1
348, 1
349, 2
350, 1
351, 1
352, 1
353, 1
354, 1
355, 1
356, 2
357, 1
358, 1
359, 1
360, 1
361, 1
362, 1
363, 2
364, 1
365, 1
366, 1
367, 1
368, 1
369, 1
370, 2
371, 1
372, 1
373, 1
374, 1
375, 1
376, 1
377, 2
378, 1
379, 1
380, 1
381, 1
382, 1
383, 1
384, 2
385, 1
386, 1
387, 1
388, 1
389, 1
390, 1
391, 3
392, 1
393, 1
394, 1
395, 1
396, 1
397, 1
398, 2
399, 1
400, 1
401, 1
402, 1
403, 1
404, 1
405, 2
406, 1
407, 1
408, 1
409, 1
410, 1
411, 1
412, 2
413, 1
414, 1
415, 1
416, 1
417, 1
418, 1
419, 2
420, 1
421, 1
422, 1
423, 1
424, 1
425, 1
426, 2
427, 1
428, 1
429, 1
430, 1
431, 1
432, 1
433, 2
434, 1
435, 1
436, 1
437, 1
438, 1
439, 1
440, 3
441, 1
442, 1
443, 1
444, 1
445, 1
446, 1
447, 2
448, 1
449, 1
450, 1
451, 1
452, 1
453, 1
454, 2
455, 1
456, 1
457, 1
458, 1
459, 1
460, 1
461, 2
462, 1
463, 1
464, 1
465, 1
466, 1
467, 1
468, 2
469, 1
470, 1
471, 1
472, 1
473, 1
474, 1
475, 2
476, 1
477, 1
478, 1
479, 1
480, 1
481, 1
482, 2
483, 1
484, 1
485, 1
486, 1
487, 1
488, 1
489, 3
490, 1
491, 1
492, 1
493, 1
494, 1
495, 1
496, 2
497, 1
498, 1
499, 1
500, 1
501, 1
502, 1
503, 2
504, 1
505, 1
506, 1
507, 1
508, 1
509, 1
510, 2
511, 1
512, 1
513, 1
514, 1
515, 1
516, 1
517, 2
518, 1
519, 1
520, 1
521, 1
522, 1
523, 1
524, 2
525, 1
526, 1
527, 1
528, 1
529, 1
530, 1
531, 2
532, 1
533, 1
534, 1
535, 1
536, 1
537, 1
538, 3
539, 1
540, 1
541, 1
542, 1
543, 1
544, 1
545, 2
546, 1
547, 1
548, 1
549, 1
550, 1
551, 1
552, 2
553, 1
554, 1
555, 1
556, 1
557, 1
558, 1
559, 2
560, 1
561, 1
562, 1
563, 1
564, 1
565, 1
566, 2
567, 1
568, 1
569, 1
570, 1
571, 1
572, 1
573, 2
574, 1
575, 1
576, 1
577, 1
578, 1
579, 1
580, 2
581, 1
582, 1
583, 1
584, 1
585, 1
586, 1
587, 3
588, 1
589, 1
590, 1
591, 1
592, 1
593, 1
594, 2
595, 1
596, 1
597, 1
598, 1
599, 1
600, 1
601, 2
602, 1
603, 1
604, 1
605, 1
606, 1
607, 1
608, 2
609, 1
610, 1
611, 1
612, 1
613, 1
614, 1
615, 2
616, 1
617, 1
618, 1
619, 1
620, 1
621, 1
622, 2
623, 1
624, 1
625, 1
626, 1
627, 1
628, 1
629, 2
630, 1
631, 1
632, 1
633, 1
634, 1
635, 1
636, 3
637, 1
638, 1
639, 1
640, 1
641, 1
642, 1
643, 2
644, 1
645, 1
646, 1
647, 1
648, 1
649, 1
650, 2
651, 1
652, 1
653, 1
654, 1
655, 1
656, 1
657, 2
658, 1
659, 1
660, 1
661, 1
662, 1
663, 1
664, 2
665, 1
666, 1
667, 1
668, 1
669, 1
670, 1
671, 2
672, 1
673, 1
674, 1
675, 1
676, 1
677, 1
678, 2
679, 1
680, 1
681, 1
682, 1
683, 1
684, 2
685, 4
686, 2
687, 2
688, 2
689, 2
690, 2
691, 3
692, 4
693, 2
694, 2
695, 2
696, 2
697, 2
698, 3
699, 4
700, 2
701, 2
702, 2
703, 2
704, 2
705, 3
706, 4
707, 2
708, 2
709, 2
710, 2
711, 2
712, 3
713, 4
714, 2
715, 2
716, 2
717, 2
718, 2
719, 3
720, 4
721, 2
722, 2
723, 2
724, 2
725, 2
726, 3
727, 4
728, 2
729, 2
730, 2
731, 2
732, 2
733, 4
734, 5
735, 2
736, 2
737, 2
738, 2
739, 2
740, 3
741, 4
742, 2
743, 2
744, 2
745, 2
746, 2
747, 3
748, 4
749, 2
750, 2
751, 2
752, 2
753, 2
754, 3
755, 4
756, 2
757, 2
758, 2
759, 2
760, 2
761, 3
762, 4
763, 2
764, 2
765, 2
766, 2
767, 2
768, 3
769, 4
770, 2
771, 2
772, 2
773, 2
774, 2
775, 3
776, 4
777, 2
778, 2
779, 2
780, 2
781, 2
782, 4
783, 5
784, 2
785, 2
786, 2
787, 2
788, 2
789, 3
790, 4
791, 2
792, 2
793, 2
794, 2
795, 2
796, 3
797, 4
798, 2
799, 2
800, 2
801, 2
802, 2
803, 3
804, 4
805, 2
806, 2
807, 2
808, 2
809, 2
810, 3
811, 4
812, 2
813, 2
814, 2
815, 2
816, 2
817, 3
818, 4
819, 2
820, 2
821, 2
822, 2
823, 2
824, 3
825, 4
826, 2
827, 2
828, 2
829, 2
830, 2
831, 4
832, 5
833, 2
834, 2
835, 2
836, 2
837, 2
838, 3
839, 4
840, 2
841, 2
842, 2
843, 2
844, 2
845, 3
846, 4
847, 2
848, 2
849, 2
850, 2
851, 2
852, 3
853, 4
854, 2
855, 2
856, 2
857, 2
858, 2
859, 3
860, 4
861, 2
862, 2
863, 2
864, 2
865, 2
866, 3
867, 4
868, 2
869, 2
870, 2
871, 2
872, 2
873, 3
874, 4
875, 2
876, 2
877, 2
878, 2
879, 2
880, 4
881, 5
882, 2
883, 2
884, 2
885, 2
886, 2
887, 3
888, 4
889, 2
890, 2
891, 2
892, 2
893, 2
894, 3
895, 4
896, 2
897, 2
898, 2
899, 2
900, 2
901, 3
902, 4
903, 2
904, 2
905, 2
906, 2
907, 2
908, 3
909, 4
910, 2
911, 2
912, 2
913, 2
914, 2
915, 3
916, 4
917, 2
918, 2
919, 2
920, 2
921, 2
922, 3
923, 4
924, 2
925, 2
926, 2
927, 2
928, 2
929, 4
930, 5
931, 2
932, 2
933, 2
934, 2
935, 2
936, 3
937, 4
938, 2
939, 2
940, 2
941, 2
942, 2
943, 3
944, 4
945, 2
946, 2
947, 2
948, 2
949, 2
950, 3
951, 4
952, 2
953, 2
954, 2
955, 2
956, 2
957, 3
958, 4
959, 2
960, 2
961, 2
962, 2
963, 2
964, 3
965, 4
966, 2
967, 2
968, 2
969, 2
970, 2
971, 3
972, 4
973, 2
974, 2
975, 2
976, 2
977, 2
978, 4
979, 5
980, 2
981, 2
982, 2
983, 2
984, 2
985, 3
986, 4
987, 2
988, 2
989, 2
990, 2
991, 2
992, 3
993, 4
994, 2
995, 2
996, 2
997, 2
998, 2
999, 3
1000, 4
1001, 2
1002, 2
1003, 2
1004, 2
1005, 2
1006, 3
1007, 4
1008, 2
1009, 2
1010, 2
1011, 2
1012, 2
1013, 3
1014, 4
1015, 2
1016, 2
1017, 2
1018, 2
1019, 2
1020, 3
1021, 4
1022, 2
1023, 2
1024, 2
1025, 2
1026, 3
1027, 5
1028, 6
1029, 3
1030, 3
1031, 3
1032, 3
1033, 4
1034, 5
1035, 6
1036, 3
1037, 3
1038, 3
1039, 3
1040, 4
1041, 5
1042, 6
1043, 3
1044, 3
1045, 3
1046, 3
1047, 4
1048, 5
1049, 6
1050, 3
1051, 3
1052, 3
1053, 3
1054, 4
1055, 5
1056, 6
1057, 3
1058, 3
1059, 3
1060, 3
1061, 4
1062, 5
1063, 6
1064, 3
1065, 3
1066, 3
1067, 3
1068, 4
1069, 5
1070, 6
1071, 3
1072, 3
1073, 3
1074, 3
1075, 5
1076, 6
1077, 7
1078, 3
1079, 3
1080, 3
1081, 3
1082, 4
1083, 5
1084, 6
1085, 3
1086, 3
1087, 3
1088, 3
1089, 4
1090, 5
1091, 6
1092, 3
1093, 3
1094, 3
1095, 3
1096, 4
1097, 5
1098, 6
1099, 3
1100, 3
1101, 3
1102, 3
1103, 4
1104, 5
1105, 6
1106, 3
1107, 3
1108, 3
1109, 3
1110, 4
1111, 5
1112, 6
1113, 3
1114, 3
1115, 3
1116, 3
1117, 4
1118, 5
1119, 6
1120, 3
1121, 3
1122, 3
1123, 3
1124, 5
1125, 6
1126, 7
1127, 3
1128, 3
1129, 3
1130, 3
1131, 4
1132, 5
1133, 6
1134, 3
1135, 3
1136, 3
1137, 3
1138, 4
1139, 5
1140, 6
1141, 3
1142, 3
1143, 3
1144, 3
1145, 4
1146, 5
1147, 6
1148, 3
1149, 3
1150, 3
1151, 3
1152, 4
1153, 5
1154, 6
1155, 3
1156, 3
1157, 3
1158, 3
1159, 4
1160, 5
1161, 6
1162, 3
1163, 3
1164, 3
1165, 3
1166, 4
1167, 5
1168, 6
1169, 3
1170, 3
1171, 3
1172, 3
1173, 5
1174, 6
1175, 7
1176, 3
1177, 3
1178, 3
1179, 3
1180, 4
1181, 5
1182, 6
1183, 3
1184, 3
1185, 3
1186, 3
1187, 4
1188, 5
1189, 6
1190, 3
1191, 3
1192, 3
1193, 3
1194, 4
1195, 5
1196, 6
1197, 3
1198, 3
1199, 3
1200, 3
1201, 4
1202, 5
1203, 6
1204, 3
1205, 3
1206, 3
1207, 3
1208, 4
1209, 5
1210, 6
1211, 3
1212, 3
1213, 3
1214, 3
1215, 4
1216, 5
1217, 6
1218, 3
1219, 3
1220, 3
1221, 3
1222, 5
1223, 6
1224, 7
1225, 3
1226, 3
1227, 3
1228, 3
1229, 4
1230, 5
1231, 6
1232, 3
1233, 3
1234, 3
1235, 3
1236, 4
1237, 5
1238, 6
1239, 3
1240, 3
1241, 3
1242, 3
1243, 4
1244, 5
1245, 6
1246, 3
1247, 3
1248, 3
1249, 3
1250, 4
1251, 5
1252, 6
1253, 3
1254, 3
1255, 3
1256, 3
1257, 4
1258, 5
1259, 6
1260, 3
1261, 3
1262, 3
1263, 3
1264, 4
1265, 5
1266, 6
1267, 3
1268, 3
1269, 3
1270, 3
1271, 5
1272, 6
1273, 7
1274, 3
1275, 3
1276, 3
1277, 3
1278, 4
1279, 5
1280, 6
1281, 3
1282, 3
1283, 3
1284, 3
1285, 4
1286, 5
1287, 6
1288, 3
1289, 3
1290, 3
1291, 3
1292, 4
1293, 5
1294, 6
1295, 3
1296, 3
1297, 3
1298, 3
1299, 4
1300, 5
1301, 6
1302, 3
1303, 3
1304, 3
1305, 3
1306, 4
1307, 5
1308, 6
1309, 3
1310, 3
1311, 3
1312, 3
1313, 4
1314, 5
1315, 6
1316, 3
1317, 3
1318, 3
1319, 3
1320, 5
1321, 6
1322, 7
1323, 3
1324, 3
1325, 3
1326, 3
1327, 4
1328, 5
1329, 6
1330, 3
1331, 3
1332, 3
1333, 3
1334, 4
1335, 5
1336, 6
1337, 3
1338, 3
1339, 3
1340, 3
1341, 4
1342, 5
1343, 6
1344, 3
1345, 3
1346, 3
1347, 3
1348, 4
1349, 5
1350, 6
1351, 3
1352, 3
1353, 3
1354, 3
1355, 4
1356, 5
1357, 6
1358, 3
1359, 3
1360, 3
1361, 3
1362, 4
1363, 5
1364, 6
1365, 3
1366, 3
1367, 3
1368, 4
1369, 6
1370, 7
1371, 8
1372, 4
1373, 4
1374, 4
1375, 5
1376, 6
1377, 7
1378, 8
1379, 4
1380, 4
1381, 4
1382, 5
1383, 6
1384, 7
1385, 8
1386, 4
1387, 4
1388, 4
1389, 5
1390, 6
1391, 7
1392, 8
1393, 4
1394, 4
1395, 4
1396, 5
1397, 6
1398, 7
1399, 8
1400, 4
1401, 4
1402, 4
1403, 5
1404, 6
1405, 7
1406, 8
1407, 4
1408, 4
1409, 4
1410, 5
1411, 6
1412, 7
1413, 8
1414, 4
1415, 4
1416, 4
1417, 6
1418, 7
1419, 8
1420, 9
1421, 4
1422, 4
1423, 4
1424, 5
1425, 6
1426, 7
1427, 8
1428, 4
1429, 4
1430, 4
1431, 5
1432, 6
1433, 7
1434, 8
1435, 4
1436, 4
1437, 4
1438, 5
1439, 6
1440, 7
1441, 8
1442, 4
1443, 4
1444, 4
1445, 5
1446, 6
1447, 7
1448, 8
1449, 4
1450, 4
1451, 4
1452, 5
1453, 6
1454, 7
1455, 8
1456, 4
1457, 4
1458, 4
1459, 5
1460, 6
1461, 7
1462, 8
1463, 4
1464, 4
1465, 4
1466, 6
1467, 7
1468, 8
1469, 9
1470, 4
1471, 4
1472, 4
1473, 5
1474, 6
1475, 7
1476, 8
1477, 4
1478, 4
1479, 4
1480, 5
1481, 6
1482, 7
1483, 8
1484, 4
1485, 4
1486, 4
1487, 5
1488, 6
1489, 7
1490, 8
1491, 4
1492, 4
1493, 4
1494, 5
1495, 6
1496, 7
1497, 8
1498, 4
1499, 4
1500, 4
1501, 5
1502, 6
1503, 7
1504, 8
1505, 4
1506, 4
1507, 4
1508, 5
1509, 6
1510, 7
1511, 8
1512, 4
1513, 4
1514, 4
1515, 6
1516, 7
1517, 8
1518, 9
1519, 4
1520, 4
1521, 4
1522, 5
1523, 6
1524, 7
1525, 8
1526, 4
1527, 4
1528, 4
1529, 5
1530, 6
1531, 7
1532, 8
1533, 4
1534, 4
1535, 4
1536, 5
1537, 6
1538, 7
1539, 8
1540, 4
1541, 4
1542, 4
1543, 5
1544, 6
1545, 7
1546, 8
1547, 4
1548, 4
1549, 4
1550, 5
1551, 6
1552, 7
1553, 8
1554, 4
1555, 4
1556, 4
1557, 5
1558, 6
1559, 7
1560, 8
1561, 4
1562, 4
1563, 4
1564, 6
1565, 7
1566, 8
1567, 9
1568, 4
1569, 4
1570, 4
1571, 5
1572, 6
1573, 7
1574, 8
1575, 4
1576, 4
1577, 4
1578, 5
1579, 6
1580, 7
1581, 8
1582, 4
1583, 4
1584, 4
1585, 5
1586, 6
1587, 7
1588, 8
1589, 4
1590, 4
1591, 4
1592, 5
1593, 6
1594, 7
1595, 8
1596, 4
1597, 4
1598, 4
1599, 5
1600, 6
1601, 7
1602, 8
1603, 4
1604, 4
1605, 4
1606, 5
1607, 6
1608, 7
1609, 8
1610, 4
1611, 4
1612, 4
1613, 6
1614, 7
1615, 8
1616, 9
1617, 4
1618, 4
1619, 4
1620, 5
1621, 6
1622, 7
1623, 8
1624, 4
1625, 4
1626, 4
1627, 5
1628, 6
1629, 7
1630, 8
1631, 4
1632, 4
1633, 4
1634, 5
1635, 6
1636, 7
1637, 8
1638, 4
1639, 4
1640, 4
1641, 5
1642, 6
1643, 7
1644, 8
1645, 4
1646, 4
1647, 4
1648, 5
1649, 6
1650, 7
1651, 8
1652, 4
1653, 4
1654, 4
1655, 5
1656, 6
1657, 7
1658, 8
1659, 4
1660, 4
1661, 4
1662, 6
1663, 7
1664, 8
1665, 9
1666, 4
1667, 4
1668, 4
1669, 5
1670, 6
1671, 7
1672, 8
1673, 4
1674, 4
1675, 4
1676, 5
1677, 6
1678, 7
1679, 8
1680, 4
1681, 4
1682, 4
1683, 5
1684, 6
1685, 7
1686, 8
1687, 4
1688, 4
1689, 4
1690, 5
1691, 6
1692, 7
1693, 8
1694, 4
1695, 4
1696, 4
1697, 5
1698, 6
1699, 7
1700, 8
1701, 4
1702, 4
1703, 4
1704, 5
1705, 6
1706, 7
1707, 8
1708, 4
1709, 4
1710, 5
1711, 7
1712, 8
1713, 9
1714, 10
1715, 5
1716, 5
1717, 6
1718, 7
1719, 8
1720, 9
1721, 10
1722, 5
1723, 5
1724, 6
1725, 7
1726, 8
1727, 9
1728, 10
1729, 5
1730, 5
1731, 6
1732, 7
1733, 8
1734, 9
1735, 10
1736, 5
1737, 5
1738, 6
1739, 7
1740, 8
1741, 9
1742, 10
1743, 5
1744, 5
1745, 6
1746, 7
1747, 8
1748, 9
1749, 10
1750, 5
1751, 5
1752, 6
1753, 7
1754, 8
1755, 9
1756, 10
1757, 5
1758, 5
1759, 7
1760, 8
1761, 9
1762, 10
1763, 11
1764, 5
1765, 5
1766, 6
1767, 7
1768, 8
1769, 9
1770, 10
1771, 5
1772, 5
1773, 6
1774, 7
1775, 8
1776, 9
1777, 10
1778, 5
1779, 5
1780, 6
1781, 7
1782, 8
1783, 9
1784, 10
1785, 5
1786, 5
1787, 6
1788, 7
1789, 8
1790, 9
1791, 10
1792, 5
1793, 5
1794, 6
1795, 7
1796, 8
1797, 9
1798, 10
1799, 5
1800, 5
1801, 6
1802, 7
1803, 8
1804, 9
1805, 10
1806, 5
1807, 5
1808, 7
1809, 8
1810, 9
1811, 10
1812, 11
1813, 5
1814, 5
1815, 6
1816, 7
1817, 8
1818, 9
1819, 10
1820, 5
1821, 5
1822, 6
1823, 7
1824, 8
1825, 9
1826, 10
1827, 5
1828, 5
1829, 6
1830, 7
1831, 8
1832, 9
1833, 10
1834, 5
1835, 5
1836, 6
1837, 7
1838, 8
1839, 9
1840, 10
1841, 5
1842, 5
1843, 6
1844, 7
1845, 8
1846, 9
1847, 10
1848, 5
1849, 5
1850, 6
1851, 7
1852, 8
1853, 9
1854, 10
1855, 5
1856, 5
1857, 7
1858, 8
1859, 9
1860, 10
1861, 11
1862, 5
1863, 5
1864, 6
1865, 7
1866, 8
1867, 9
1868, 10
1869, 5
1870, 5
1871, 6
1872, 7
1873, 8
1874, 9
1875, 10
1876, 5
1877, 5
1878, 6
1879, 7
1880, 8
1881, 9
1882, 10
1883, 5
1884, 5
1885, 6
1886, 7
1887, 8
1888, 9
1889, 10
1890, 5
1891, 5
1892, 6
1893, 7
1894, 8
1895, 9
1896, 10
1897, 5
1898, 5
1899, 6
1900, 7
1901, 8
1902, 9
1903, 10
1904, 5
1905, 5
1906, 7
1907, 8
1908, 9
1909, 10
1910, 11
1911, 5
1912, 5
1913, 6
1914, 7
1915, 8
1916, 9
1917, 10
1918, 5
1919, 5
1920, 6
1921, 7
1922, 8
1923, 9
1924, 10
1925, 5
1926, 5
1927, 6
1928, 7
1929, 8
1930, 9
1931, 10
1932, 5
1933, 5
1934, 6
1935, 7
1936, 8
1937, 9
1938, 10
1939, 5
1940, 5
1941, 6
1942, 7
1943, 8
1944, 9
1945, 10
1946, 5
1947, 5
1948, 6
1949, 7
1950, 8
1951, 9
1952, 10
1953, 5
1954, 5
1955, 7
1956, 8
1957, 9
1958, 10
1959, 11
1960, 5
1961, 5
1962, 6
1963, 7
1964, 8
1965, 9
1966, 10
1967, 5
1968, 5
1969, 6
1970, 7
1971, 8
1972, 9
1973, 10
1974, 5
1975, 5
1976, 6
1977, 7
1978, 8
1979, 9
1980, 10
1981, 5
1982, 5
1983, 6
1984, 7
1985, 8
1986, 9
1987, 10
1988, 5
1989, 5
1990, 6
1991, 7
1992, 8
1993, 9
1994, 10
1995, 5
1996, 5
1997, 6
1998, 7
1999, 8
2000, 9
2001, 10
2002, 5
2003, 5
2004, 7
2005, 8
2006, 9
2007, 10
2008, 11
2009, 5
2010, 5
2011, 6
2012, 7
2013, 8
2014, 9
2015, 10
2016, 5
2017, 5
2018, 6
2019, 7
2020, 8
2021, 9
2022, 10
2023, 5
2024, 5
2025, 6
2026, 7
2027, 8
2028, 9
2029, 10
2030, 5
2031, 5
2032, 6
2033, 7
2034, 8
2035, 9
2036, 10
2037, 5
2038, 5
2039, 6
2040, 7
2041, 8
2042, 9
2043, 10
2044, 5
2045, 5
2046, 6
2047, 7
2048, 8
2049, 9
2050, 10
2051, 5
2052, 6
2053, 8
2054, 9
2055, 10
2056, 11
2057, 12
2058, 6
2059, 7
2060, 8
2061, 9
2062, 10
2063, 11
2064, 12
2065, 6
2066, 7
2067, 8
2068, 9
2069, 10
2070, 11
2071, 12
2072, 6
2073, 7
2074, 8
2075, 9
2076, 10
2077, 11
2078, 12
2079, 6
2080, 7
2081, 8
2082, 9
2083, 10
2084, 11
2085, 12
2086, 6
2087, 7
2088, 8
2089, 9
2090, 10
2091, 11
2092, 12
2093, 6
2094, 7
2095, 8
2096, 9
2097, 10
2098, 11
2099, 12
2100, 6
2101, 7
2102, 8
2103, 9
2104, 10
2105, 11
2106, 12
2107, 6
2108, 7
2109, 8
2110, 9
2111, 10
2112, 11
2113, 12
2114, 6
2115, 7
2116, 8
2117, 9
2118, 10
2119, 11
2120, 12
2121, 6
2122, 7
2123, 8
2124, 9
2125, 10
2126, 11
2127, 12
2128, 6
2129, 7
2130, 8
2131, 9
2132, 10
2133, 11
2134, 12
2135, 6
2136, 7
2137, 8
2138, 9
2139, 10
2140, 11
2141, 12
2142, 6
2143, 7
2144, 8
2145, 9
2146, 10
2147, 11
2148, 12
2149, 6
2150, 7
2151, 8
2152, 9
2153, 10
2154, 11
2155, 12
2156, 6
2157, 7
2158, 8
2159, 9
2160, 10
2161, 11
2162, 12
2163, 6
2164, 7
2165, 8
2166, 9
2167, 10
2168, 11
2169, 12
2170, 6
2171, 7
2172, 8
2173, 9
2174, 10
2175, 11
2176, 12
2177, 6
2178, 7
2179, 8
2180, 9
2181, 10
2182, 11
2183, 12
2184, 6
2185, 7
2186, 8
2187, 9
2188, 10
2189, 11
2190, 12
2191, 6
2192, 7
2193, 8
2194, 9
2195, 10
2196, 11
2197, 12
2198, 6
2199, 7
2200, 8
2201, 9
2202, 10
2203, 11
2204, 12
2205, 6
2206, 7
2207, 8
2208, 9
2209, 10
2210, 11
2211, 12
2212, 6
2213, 7
2214, 8
2215, 9
2216, 10
2217, 11
2218, 12
2219, 6
2220, 7
2221, 8
2222, 9
2223, 10
2224, 11
2225, 12
2226, 6
2227, 7
2228, 8
2229, 9
2230, 10
2231, 11
2232, 12
2233, 6
2234, 7
2235, 8
2236, 9
2237, 10
2238, 11
2239, 12
2240, 6
2241, 7
2242, 8
2243, 9
2244, 10
2245, 11
2246, 12
2247, 6
2248, 7
2249, 8
2250, 9
2251, 10
2252, 11
2253, 12
2254, 6
2255, 7
2256, 8
2257, 9
2258, 10
2259, 11
2260, 12
2261, 6
2262, 7
2263, 8
2264, 9
2265, 10
2266, 11
2267, 12
2268, 6
2269, 7
2270, 8
2271, 9
2272, 10
2273, 11
2274, 12
2275, 6
2276, 7
2277, 8
2278, 9
2279, 10
2280, 11
2281, 12
2282, 6
2283, 7
2284, 8
2285, 9
2286, 10
2287, 11
2288, 12
2289, 6
2290, 7
2291, 8
2292, 9
2293, 10
2294, 11
2295, 12
2296, 6
2297, 7
2298, 8
2299, 9
2300, 10
2301, 11
2302, 12
2303, 6
2304, 7
2305, 8
2306, 9
2307, 10
2308, 11
2309, 12
2310, 6
2311, 7
2312, 8
2313, 9
2314, 10
2315, 11
2316, 12
2317, 6
2318, 7
2319, 8
2320, 9
2321, 10
2322, 11
2323, 12
2324, 6
2325, 7
2326, 8
2327, 9
2328, 10
2329, 11
2330, 12
2331, 6
2332, 7
2333, 8
2334, 9
2335, 10
2336, 11
2337, 12
2338, 6
2339, 7
2340, 8
2341, 9
2342, 10
2343, 11
2344, 12
2345, 6
2346, 7
2347, 8
2348, 9
2349, 10
2350, 11
2351, 12
2352, 6
2353, 7
2354, 8
2355, 9
2356, 10
2357, 11
2358, 12
2359, 6
2360, 7
2361, 8
2362, 9
2363, 10
2364, 11
2365, 12
2366, 6
2367, 7
2368, 8
2369, 9
2370, 10
2371, 11
2372, 12
2373, 6
2374, 7
2375, 8
2376, 9
2377, 10
2378, 11
2379, 12
2380, 6
2381, 7
2382, 8
2383, 9
2384, 10
2385, 11
2386, 12
2387, 6
2388, 7
2389, 8
2390, 9
2391, 10
2392, 11
2393, 12
2394, 7
2395, 8
2396, 9
2397, 10
2398, 11
2399, 12
2400, 13
2401, 7
2402, 7
2403, 7
2404, 7
2405, 7
2406, 7
2407, 7
2408, 7
2409, 7
2410, 7
2411, 7
2412, 7
2413, 7
2414, 7
2415, 7
2416, 7
2417, 7
2418, 7
2419, 7
2420, 7
2421, 7
2422, 7
2423, 7
2424, 7
2425, 7
2426, 7
2427, 7
2428, 7
2429, 7
2430, 7
2431, 7
2432, 7
2433, 7
2434, 7
2435, 7
2436, 7
2437, 7
2438, 7
2439, 7
2440, 7
2441, 7
2442, 7
2443, 9
2444, 9
2445, 10
2446, 11
2447, 12
2448, 13
2449, 14
2450, 7
2451, 7
2452, 7
2453, 7
2454, 7
2455, 7
2456, 7
2457, 7
2458, 7
2459, 7
2460, 7
2461, 7
2462, 7
2463, 7
2464, 7
2465, 7
2466, 7
2467, 7
2468, 7
2469, 7
2470, 7
2471, 7
2472, 7
2473, 7
2474, 7
2475, 7
2476, 7
2477, 7
2478, 7
2479, 7
2480, 7
2481, 7
2482, 7
2483, 7
2484, 7
2485, 7
2486, 7
2487, 7
2488, 7
2489, 7
2490, 7
2491, 7
2492, 9
2493, 9
2494, 10
2495, 11
2496, 12
2497, 13
2498, 14
2499, 7
2500, 7
2501, 7
2502, 7
2503, 7
2504, 7
2505, 7
2506, 7
2507, 7
2508, 7
2509, 7
2510, 7
2511, 7
2512, 7
2513, 7
2514, 7
2515, 7
2516, 7
2517, 7
2518, 7
2519, 7
2520, 7
2521, 7
2522, 7
2523, 7
2524, 7
2525, 7
2526, 7
2527, 7
2528, 7
2529, 7
2530, 7
2531, 7
2532, 7
2533, 7
2534, 7
2535, 7
2536, 7
2537, 7
2538, 7
2539, 7
2540, 7
2541, 9
2542, 9
2543, 10
2544, 11
2545, 12
2546, 13
2547, 14
2548, 7
2549, 7
2550, 7
2551, 7
2552, 7
2553, 7
2554, 7
2555, 7
2556, 7
2557, 7
2558, 7
2559, 7
2560, 7
2561, 7
2562, 7
2563, 7
2564, 7
2565, 7
2566, 7
2567, 7
2568, 7
2569, 7
2570, 7
2571, 7
2572, 7
2573, 7
2574, 7
2575, 7
2576, 7
2577, 7
2578, 7
2579, 7
2580, 7
2581, 7
2582, 7
2583, 7
2584, 7
2585, 7
2586, 7
2587, 7
2588, 7
2589, 7
2590, 9
2591, 9
2592, 10
2593, 11
2594, 12
2595, 13
2596, 14
2597, 7
2598, 7
2599, 7
2600, 7
2601, 7
2602, 7
2603, 7
2604, 7
2605, 7
2606, 7
2607, 7
2608, 7
2609, 7
2610, 7
2611, 7
2612, 7
2613, 7
2614, 7
2615, 7
2616, 7
2617, 7
2618, 7
2619, 7
2620, 7
2621, 7
2622, 7
2623, 7
2624, 7
2625, 7
2626, 7
2627, 7
2628, 7
2629, 7
2630, 7
2631, 7
2632, 7
2633, 7
2634, 7
2635, 7
2636, 7
2637, 7
2638, 7
2639, 9
2640, 9
2641, 10
2642, 11
2643, 12
2644, 13
2645, 14
2646, 7
2647, 7
2648, 7
2649, 7
2650, 7
2651, 7
2652, 7
2653, 7
2654, 7
2655, 7
2656, 7
2657, 7
2658, 7
2659, 7
2660, 7
2661, 7
2662, 7
2663, 7
2664, 7
2665, 7
2666, 7
2667, 7
2668, 7
2669, 7
2670, 7
2671, 7
2672, 7
2673, 7
2674, 7
2675, 7
2676, 7
2677, 7
2678, 7
2679, 7
2680, 7
2681, 7
2682, 7
2683, 7
2684, 7
2685, 7
2686, 7
2687, 7
2688, 9
2689, 9
2690, 10
2691, 11
2692, 12
2693, 13
2694, 14
2695, 7
2696, 7
2697, 7
2698, 7
2699, 7
2700, 7
2701, 7
2702, 7
2703, 7
2704, 7
2705, 7
2706, 7
2707, 7
2708, 7
2709, 7
2710, 7
2711, 7
2712, 7
2713, 7
2714, 7
2715, 7
2716, 7
2717, 7
2718, 7
2719, 7
2720, 7
2721, 7
2722, 7
2723, 7
2724, 7
2725, 7
2726, 7
2727, 7
2728, 7
2729, 7
2730, 7
2731, 7
2732, 7
2733, 7
2734, 7
2735, 7
2736, 8
2737, 10
2738, 10
2739, 11
2740, 12
2741, 13
2742, 14
2743, 15
2744, 8
2745, 8
2746, 8
2747, 8
2748, 8
2749, 8
2750, 9
2751, 8
2752, 8
2753, 8
2754, 8
2755, 8
2756, 8
2757, 9
2758, 8
2759, 8
2760, 8
2761, 8
2762, 8
2763, 8
2764, 9
2765, 8
2766, 8
2767, 8
2768, 8
2769, 8
2770, 8
2771, 9
2772, 8
2773, 8
2774, 8
2775, 8
2776, 8
2777, 8
2778, 9
2779, 8
2780, 8
2781, 8
2782, 8
2783, 8
2784, 8
2785, 10
2786, 11
2787, 11
2788, 12
2789, 13
2790, 14
2791, 15
2792, 16
2793, 8
2794, 8
2795, 8
2796, 8
2797, 8
2798, 8
2799, 9
2800, 8
2801, 8
2802, 8
2803, 8
2804, 8
2805, 8
2806, 9
2807, 8
2808, 8
2809, 8
2810, 8
2811, 8
2812, 8
2813, 9
2814, 8
2815, 8
2816, 8
2817, 8
2818, 8
2819, 8
2820, 9
2821, 8
2822, 8
2823, 8
2824, 8
2825, 8
2826, 8
2827, 9
2828, 8
2829, 8
2830, 8
2831, 8
2832, 8
2833, 8
2834, 10
2835, 11
2836, 11
2837, 12
2838, 13
2839, 14
2840, 15
2841, 16
2842, 8
2843, 8
2844, 8
2845, 8
2846, 8
2847, 8
2848, 9
2849, 8
2850, 8
2851, 8
2852, 8
2853, 8
2854, 8
2855, 9
2856, 8
2857, 8
2858, 8
2859, 8
2860, 8
2861, 8
2862, 9
2863, 8
2864, 8
2865, 8
2866, 8
2867, 8
2868, 8
2869, 9
2870, 8
2871, 8
2872, 8
2873, 8
2874, 8
2875, 8
2876, 9
2877, 8
2878, 8
2879, 8
2880, 8
2881, 8
2882, 8
2883, 10
2884, 11
2885, 11
2886, 12
2887, 13
2888, 14
2889, 15
2890, 16
2891, 8
2892, 8
2893, 8
2894, 8
2895, 8
2896, 8
2897, 9
2898, 8
2899, 8
2900, 8
2901, 8
2902, 8
2903, 8
2904, 9
2905, 8
2906, 8
2907, 8
2908, 8
2909, 8
2910, 8
2911, 9
2912, 8
2913, 8
2914, 8
2915, 8
2916, 8
2917, 8
2918, 9
2919, 8
2920, 8
2921, 8
2922, 8
2923, 8
2924, 8
2925, 9
2926, 8
2927, 8
2928, 8
2929, 8
2930, 8
2931, 8
2932, 10
2933, 11
2934, 11
2935, 12
2936, 13
2937, 14
2938, 15
2939, 16
2940, 8
2941, 8
2942, 8
2943, 8
2944, 8
2945, 8
2946, 9
2947, 8
2948, 8
2949, 8
2950, 8
2951, 8
2952, 8
2953, 9
2954, 8
2955, 8
2956, 8
2957, 8
2958, 8
2959, 8
2960, 9
2961, 8
2962, 8
2963, 8
2964, 8
2965, 8
2966, 8
2967, 9
2968, 8
2969, 8
2970, 8
2971, 8
2972, 8
2973, 8
2974, 9
2975, 8
2976, 8
2977, 8
2978, 8
2979, 8
2980, 8
2981, 10
2982, 11
2983, 11
2984, 12
2985, 13
2986, 14
2987, 15
2988, 16
2989, 8
2990, 8
2991, 8
2992, 8
2993, 8
2994, 8
2995, 9
2996, 8
2997, 8
2998, 8
2999, 8
3000, 8
3001, 8
3002, 9
3003, 8
3004, 8
3005, 8
3006, 8
3007, 8
3008, 8
3009, 9
3010, 8
3011, 8
3012, 8
3013, 8
3014, 8
3015, 8
3016, 9
3017, 8
3018, 8
3019, 8
3020, 8
3021, 8
3022, 8
3023, 9
3024, 8
3025, 8
3026, 8
3027, 8
3028, 8
3029, 8
3030, 10
3031, 11
3032, 11
3033, 12
3034, 13
3035, 14
3036, 15
3037, 16
3038, 8
3039, 8
3040, 8
3041, 8
3042, 8
3043, 8
3044, 9
3045, 8
3046, 8
3047, 8
3048, 8
3049, 8
3050, 8
3051, 9
3052, 8
3053, 8
3054, 8
3055, 8
3056, 8
3057, 8
3058, 9
3059, 8
3060, 8
3061, 8
3062, 8
3063, 8
3064, 8
3065, 9
3066, 8
3067, 8
3068, 8
3069, 8
3070, 8
3071, 8
3072, 9
3073, 8
3074, 8
3075, 8
3076, 8
3077, 8
3078, 9
3079, 11
3080, 12
3081, 12
3082, 13
3083, 14
3084, 15
3085, 16
3086, 17
3087, 9
3088, 9
3089, 9
3090, 9
3091, 9
3092, 10
3093, 11
3094, 9
3095, 9
3096, 9
3097, 9
3098, 9
3099, 10
3100, 11
3101, 9
3102, 9
3103, 9
3104, 9
3105, 9
3106, 10
3107, 11
3108, 9
3109, 9
3110, 9
3111, 9
3112, 9
3113, 10
3114, 11
3115, 9
3116, 9
3117, 9
3118, 9
3119, 9
3120, 10
3121, 11
3122, 9
3123, 9
3124, 9
3125, 9
3126, 9
3127, 11
3128, 12
3129, 13
3130, 13
3131, 14
3132, 15
3133, 16
3134, 17
3135, 18
3136, 9
3137, 9
3138, 9
3139, 9
3140, 9
3141, 10
3142, 11
3143, 9
3144, 9
3145, 9
3146, 9
3147, 9
3148, 10
3149, 11
3150, 9
3151, 9
3152, 9
3153, 9
3154, 9
3155, 10
3156, 11
3157, 9
3158, 9
3159, 9
3160, 9
3161, 9
3162, 10
3163, 11
3164, 9
3165, 9
3166, 9
3167, 9
3168, 9
3169, 10
3170, 11
3171, 9
3172, 9
3173, 9
3174, 9
3175, 9
3176, 11
3177, 12
3178, 13
3179, 13
3180, 14
3181, 15
3182, 16
3183, 17
3184, 18
3185, 9
3186, 9
3187, 9
3188, 9
3189, 9
3190, 10
3191, 11
3192, 9
3193, 9
3194, 9
3195, 9
3196, 9
3197, 10
3198, 11
3199, 9
3200, 9
3201, 9
3202, 9
3203, 9
3204, 10
3205, 11
3206, 9
3207, 9
3208, 9
3209, 9
3210, 9
3211, 10
3212, 11
3213, 9
3214, 9
3215, 9
3216, 9
3217, 9
3218, 10
3219, 11
3220, 9
3221, 9
3222, 9
3223, 9
3224, 9
3225, 11
3226, 12
3227, 13
3228, 13
3229, 14
3230, 15
3231, 16
3232, 17
3233, 18
3234, 9
3235, 9
3236, 9
3237, 9
3238, 9
3239, 10
3240, 11
3241, 9
3242, 9
3243, 9
3244, 9
3245, 9
3246, 10
3247, 11
3248, 9
3249, 9
3250, 9
3251, 9
3252, 9
3253, 10
3254, 11
3255, 9
3256, 9
3257, 9
3258, 9
3259, 9
3260, 10
3261, 11
3262, 9
3263, 9
3264, 9
3265, 9
3266, 9
3267, 10
3268, 11
3269, 9
3270, 9
3271, 9
3272, 9
3273, 9
3274, 11
3275, 12
3276, 13
3277, 13
3278, 14
3279, 15
3280, 16
3281, 17
3282, 18
3283, 9
3284, 9
3285, 9
3286, 9
3287, 9
3288, 10
3289, 11
3290, 9
3291, 9
3292, 9
3293, 9
3294, 9
3295, 10
3296, 11
3297, 9
3298, 9
3299, 9
3300, 9
3301, 9
3302, 10
3303, 11
3304, 9
3305, 9
3306, 9
3307, 9
3308, 9
3309, 10
3310, 11
3311, 9
3312, 9
3313, 9
3314, 9
3315, 9
3316, 10
3317, 11
3318, 9
3319, 9
3320, 9
3321, 9
3322, 9
3323, 11
3324, 12
3325, 13
3326, 13
3327, 14
3328, 15
3329, 16
3330, 17
3331, 18
3332, 9
3333, 9
3334, 9
3335, 9
3336, 9
3337, 10
3338, 11
3339, 9
3340, 9
3341, 9
3342, 9
3343, 9
3344, 10
3345, 11
3346, 9
3347, 9
3348, 9
3349, 9
3350, 9
3351, 10
3352, 11
3353, 9
3354, 9
3355, 9
3356, 9
3357, 9
3358, 10
3359, 11
3360, 9
3361, 9
3362, 9
3363, 9
3364, 9
3365, 10
3366, 11
3367, 9
3368, 9
3369, 9
3370, 9
3371, 9
3372, 11
3373, 12
3374, 13
3375, 13
3376, 14
3377, 15
3378, 16
3379, 17
3380, 18
3381, 9
3382, 9
3383, 9
3384, 9
3385, 9
3386, 10
3387, 11
3388, 9
3389, 9
3390, 9
3391, 9
3392, 9
3393, 10
3394, 11
3395, 9
3396, 9
3397, 9
3398, 9
3399, 9
3400, 10
3401, 11
3402, 9
3403, 9
3404, 9
3405, 9
3406, 9
3407, 10
3408, 11
3409, 9
3410, 9
3411, 9
3412, 9
3413, 9
3414, 10
3415, 11
3416, 9
3417, 9
3418, 9
3419, 9
3420, 10
3421, 12
3422, 13
3423, 14
3424, 14
3425, 15
3426, 16
3427, 17
3428, 18
3429, 19
3430, 10
3431, 10
3432, 10
3433, 10
3434, 11
3435, 12
3436, 13
3437, 10
3438, 10
3439, 10
3440, 10
3441, 11
3442, 12
3443, 13
3444, 10
3445, 10
3446, 10
3447, 10
3448, 11
3449, 12
3450, 13
3451, 10
3452, 10
3453, 10
3454, 10
3455, 11
3456, 12
3457, 13
3458, 10
3459, 10
3460, 10
3461, 10
3462, 11
3463, 12
3464, 13
3465, 10
3466, 10
3467, 10
3468, 10
3469, 12
3470, 13
3471, 14
3472, 15
3473, 15
3474, 16
3475, 17
3476, 18
3477, 19
3478, 20
3479, 10
3480, 10
3481, 10
3482, 10
3483, 11
3484, 12
3485, 13
3486, 10
3487, 10
3488, 10
3489, 10
3490, 11
3491, 12
3492, 13
3493, 10
3494, 10
3495, 10
3496, 10
3497, 11
3498, 12
3499, 13
3500, 10
3501, 10
3502, 10
3503, 10
3504, 11
3505, 12
3506, 13
3507, 10
3508, 10
3509, 10
3510, 10
3511, 11
3512, 12
3513, 13
3514, 10
3515, 10
3516, 10
3517, 10
3518, 12
3519, 13
3520, 14
3521, 15
3522, 15
3523, 16
3524, 17
3525, 18
3526, 19
3527, 20
3528, 10
3529, 10
3530, 10
3531, 10
3532, 11
3533, 12
3534, 13
3535, 10
3536, 10
3537, 10
3538, 10
3539, 11
3540, 12
3541, 13
3542, 10
3543, 10
3544, 10
3545, 10
3546, 11
3547, 12
3548, 13
3549, 10
3550, 10
3551, 10
3552, 10
3553, 11
3554, 12
3555, 13
3556, 10
3557, 10
3558, 10
3559, 10
3560, 11
3561, 12
3562, 13
3563, 10
3564, 10
3565, 10
3566, 10
3567, 12
3568, 13
3569, 14
3570, 15
3571, 15
3572, 16
3573, 17
3574, 18
3575, 19
3576, 20
3577, 10
3578, 10
3579, 10
3580, 10
3581, 11
3582, 12
3583, 13
3584, 10
3585, 10
3586, 10
3587, 10
3588, 11
3589, 12
3590, 13
3591, 10
3592, 10
3593, 10
3594, 10
3595, 11
3596, 12
3597, 13
3598, 10
3599, 10
3600, 10
3601, 10
3602, 11
3603, 12
3604, 13
3605, 10
3606, 10
3607, 10
3608, 10
3609, 11
3610, 12
3611, 13
3612, 10
3613, 10
3614, 10
3615, 10
3616, 12
3617, 13
3618, 14
3619, 15
3620, 15
3621, 16
3622, 17
3623, 18
3624, 19
3625, 20
3626, 10
3627, 10
3628, 10
3629, 10
3630, 11
3631, 12
3632, 13
3633, 10
3634, 10
3635, 10
3636, 10
3637, 11
3638, 12
3639, 13
3640, 10
3641, 10
3642, 10
3643, 10
3644, 11
3645, 12
3646, 13
3647, 10
3648, 10
3649, 10
3650, 10
3651, 11
3652, 12
3653, 13
3654, 10
3655, 10
3656, 10
3657, 10
3658, 11
3659, 12
3660, 13
3661, 10
3662, 10
3663, 10
3664, 10
3665, 12
3666, 13
3667, 14
3668, 15
3669, 15
3670, 16
3671, 17
3672, 18
3673, 19
3674, 20
3675, 10
3676, 10
3677, 10
3678, 10
3679, 11
3680, 12
3681, 13
3682, 10
3683, 10
3684, 10
3685, 10
3686, 11
3687, 12
3688, 13
3689, 10
3690, 10
3691, 10
3692, 10
3693, 11
3694, 12
3695, 13
3696, 10
3697, 10
3698, 10
3699, 10
3700, 11
3701, 12
3702, 13
3703, 10
3704, 10
3705, 10
3706, 10
3707, 11
3708, 12
3709, 13
3710, 10
3711, 10
3712, 10
3713, 10
3714, 12
3715, 13
3716, 14
3717, 15
3718, 15
3719, 16
3720, 17
3721, 18
3722, 19
3723, 20
3724, 10
3725, 10
3726, 10
3727, 10
3728, 11
3729, 12
3730, 13
3731, 10
3732, 10
3733, 10
3734, 10
3735, 11
3736, 12
3737, 13
3738, 10
3739, 10
3740, 10
3741, 10
3742, 11
3743, 12
3744, 13
3745, 10
3746, 10
3747, 10
3748, 10
3749, 11
3750, 12
3751, 13
3752, 10
3753, 10
3754, 10
3755, 10
3756, 11
3757, 12
3758, 13
3759, 10
3760, 10
3761, 10
3762, 11
3763, 13
3764, 14
3765, 15
3766, 16
3767, 16
3768, 17
3769, 18
3770, 19
3771, 20
3772, 21
3773, 11
3774, 11
3775, 11
3776, 12
3777, 13
3778, 14
3779, 15
3780, 11
3781, 11
3782, 11
3783, 12
3784, 13
3785, 14
3786, 15
3787, 11
3788, 11
3789, 11
3790, 12
3791, 13
3792, 14
3793, 15
3794, 11
3795, 11
3796, 11
3797, 12
3798, 13
3799, 14
3800, 15
3801, 11
3802, 11
3803, 11
3804, 12
3805, 13
3806, 14
3807, 15
3808, 11
3809, 11
3810, 11
3811, 13
3812, 14
3813, 15
3814, 16
3815, 17
3816, 17
3817, 18
3818, 19
3819, 20
3820, 21
3821, 22
3822, 11
3823, 11
3824, 11
3825, 12
3826, 13
3827, 14
3828, 15
3829, 11
3830, 11
3831, 11
3832, 12
3833, 13
3834, 14
3835, 15
3836, 11
3837, 11
3838, 11
3839, 12
3840, 13
3841, 14
3842, 15
3843, 11
3844, 11
3845, 11
3846, 12
3847, 13
3848, 14
3849, 15
3850, 11
3851, 11
3852, 11
3853, 12
3854, 13
3855, 14
3856, 15
3857, 11
3858, 11
3859, 11
3860, 13
3861, 14
3862, 15
3863, 16
3864, 17
3865, 17
3866, 18
3867, 19
3868, 20
3869, 21
3870, 22
3871, 11
3872, 11
3873, 11
3874, 12
3875, 13
3876, 14
3877, 15
3878, 11
3879, 11
3880, 11
3881, 12
3882, 13
3883, 14
3884, 15
3885, 11
3886, 11
3887, 11
3888, 12
3889, 13
3890, 14
3891, 15
3892, 11
3893, 11
3894, 11
3895, 12
3896, 13
3897, 14
3898, 15
3899, 11
3900, 11
3901, 11
3902, 12
3903, 13
3904, 14
3905, 15
3906, 11
3907, 11
3908, 11
3909, 13
3910, 14
3911, 15
3912, 16
3913, 17
3914, 17
3915, 18
3916, 19
3917, 20
3918, 21
3919, 22
3920, 11
3921, 11
3922, 11
3923, 12
3924, 13
3925, 14
3926, 15
3927, 11
3928, 11
3929, 11
3930, 12
3931, 13
3932, 14
3933, 15
3934, 11
3935, 11
3936, 11
3937, 12
3938, 13
3939, 14
3940, 15
3941, 11
3942, 11
3943, 11
3944, 12
3945, 13
3946, 14
3947, 15
3948, 11
3949, 11
3950, 11
3951, 12
3952, 13
3953, 14
3954, 15
3955, 11
3956, 11
3957, 11
3958, 13
3959, 14
3960, 15
3961, 16
3962, 17
3963, 17
3964, 18
3965, 19
3966, 20
3967, 21
3968, 22
3969, 11
3970, 11
3971, 11
3972, 12
3973, 13
3974, 14
3975, 15
3976, 11
3977, 11
3978, 11
3979, 12
3980, 13
3981, 14
3982, 15
3983, 11
3984, 11
3985, 11
3986, 12
3987, 13
3988, 14
3989, 15
3990, 11
3991, 11
3992, 11
3993, 12
3994, 13
3995, 14
3996, 15
3997, 11
3998, 11
3999, 11
4000, 12
4001, 13
4002, 14
4003, 15
4004, 11
4005, 11
4006, 11
4007, 13
4008, 14
4009, 15
4010, 16
4011, 17
4012, 17
4013, 18
4014, 19
4015, 20
4016, 21
4017, 22
4018, 11
4019, 11
4020, 11
4021, 12
4022, 13
4023, 14
4024, 15
4025, 11
4026, 11
4027, 11
4028, 12
4029, 13
4030, 14
4031, 15
4032, 11
4033, 11
4034, 11
4035, 12
4036, 13
4037, 14
4038, 15
4039, 11
4040, 11
4041, 11
4042, 12
4043, 13
4044, 14
4045, 15
4046, 11
4047, 11
4048, 11
4049, 12
4050, 13
4051, 14
4052, 15
4053, 11
4054, 11
4055, 11
4056, 13
4057, 14
4058, 15
4059, 16
4060, 17
4061, 17
4062, 18
4063, 19
4064, 20
4065, 21
4066, 22
4067, 11
4068, 11
4069, 11
4070, 12
4071, 13
4072, 14
4073, 15
4074, 11
4075, 11
4076, 11
4077, 12
4078, 13
4079, 14
4080, 15
4081, 11
4082, 11
4083, 11
4084, 12
4085, 13
4086, 14
4087, 15
4088, 11
4089, 11
4090, 11
4091, 12
4092, 13
4093, 14
4094, 15
4095, 11
4096, 11
4097, 11
4098, 12
4099, 13
4100, 14
4101, 15
4102, 11
4103, 11
4104, 12
4105, 14
4106, 15
4107, 16
4108, 17
4109, 18
4110, 18
4111, 19
4112, 20
4113, 21
4114, 22
4115, 23
4116, 12
4117, 12
4118, 13
4119, 14
4120, 15
4121, 16
4122, 17
4123, 12
4124, 12
4125, 13
4126, 14
4127, 15
4128, 16
4129, 17
4130, 12
4131, 12
4132, 13
4133, 14
4134, 15
4135, 16
4136, 17
4137, 12
4138, 12
4139, 13
4140, 14
4141, 15
4142, 16
4143, 17
4144, 12
4145, 12
4146, 13
4147, 14
4148, 15
4149, 16
4150, 17
4151, 12
4152, 12
4153, 14
4154, 15
4155, 16
4156, 17
4157, 18
4158, 19
4159, 19
4160, 20
4161, 21
4162, 22
4163, 23
4164, 24
4165, 12
4166, 12
4167, 13
4168, 14
4169, 15
4170, 16
4171, 17
4172, 12
4173, 12
4174, 13
4175, 14
4176, 15
4177, 16
4178, 17
4179, 12
4180, 12
4181, 13
4182, 14
4183, 15
4184, 16
4185, 17
4186, 12
4187, 12
4188, 13
4189, 14
4190, 15
4191, 16
4192, 17
4193, 12
4194, 12
4195, 13
4196, 14
4197, 15
4198, 16
4199, 17
4200, 12
4201, 12
4202, 14
4203, 15
4204, 16
4205, 17
4206, 18
4207, 19
4208, 19
4209, 20
4210, 21
4211, 22
4212, 23
4213, 24
4214, 12
4215, 12
4216, 13
4217, 14
4218, 15
4219, 16
4220, 17
4221, 12
4222, 12
4223, 13
4224, 14
4225, 15
4226, 16
4227, 17
4228, 12
4229, 12
4230, 13
4231, 14
4232, 15
4233, 16
4234, 17
4235, 12
4236, 12
4237, 13
4238, 14
4239, 15
4240, 16
4241, 17
4242, 12
4243, 12
4244, 13
4245, 14
4246, 15
4247, 16
4248, 17
4249, 12
4250, 12
4251, 14
4252, 15
4253, 16
4254, 17
4255, 18
4256, 19
4257, 19
4258, 20
4259, 21
4260, 22
4261, 23
4262, 24
4263, 12
4264, 12
4265, 13
4266, 14
4267, 15
4268, 16
4269, 17
4270, 12
4271, 12
4272, 13
4273, 14
4274, 15
4275, 16
4276, 17
4277, 12
4278, 12
4279, 13
4280, 14
4281, 15
4282, 16
4283, 17
4284, 12
4285, 12
4286, 13
4287, 14
4288, 15
4289, 16
4290, 17
4291, 12
4292, 12
4293, 13
4294, 14
4295, 15
4296, 16
4297, 17
4298, 12
4299, 12
4300, 14
4301, 15
4302, 16
4303, 17
4304, 18
4305, 19
4306, 19
4307, 20
4308, 21
4309, 22
4310, 23
4311, 24
4312, 12
4313, 12
4314, 13
4315, 14
4316, 15
4317, 16
4318, 17
4319, 12
4320, 12
4321, 13
4322, 14
4323, 15
4324, 16
4325, 17
4326, 12
4327, 12
4328, 13
4329, 14
4330, 15
4331, 16
4332, 17
4333, 12
4334, 12
4335, 13
4336, 14
4337, 15
4338, 16
4339, 17
4340, 12
4341, 12
4342, 13
4343, 14
4344, 15
4345, 16
4346, 17
4347, 12
4348, 12
4349, 14
4350, 15
4351, 16
4352, 17
4353, 18
4354, 19
4355, 19
4356, 20
4357, 21
4358, 22
4359, 23
4360, 24
4361, 12
4362, 12
4363, 13
4364, 14
4365, 15
4366, 16
4367, 17
4368, 12
4369, 12
4370, 13
4371, 14
4372, 15
4373, 16
4374, 17
4375, 12
4376, 12
4377, 13
4378, 14
4379, 15
4380, 16
4381, 17
4382, 12
4383, 12
4384, 13
4385, 14
4386, 15
4387, 16
4388, 17
4389, 12
4390, 12
4391, 13
4392, 14
4393, 15
4394, 16
4395, 17
4396, 12
4397, 12
4398, 14
4399, 15
4400, 16
4401, 17
4402, 18
4403, 19
4404, 19
4405, 20
4406, 21
4407, 22
4408, 23
4409, 24
4410, 12
4411, 12
4412, 13
4413, 14
4414, 15
4415, 16
4416, 17
4417, 12
4418, 12
4419, 13
4420, 14
4421, 15
4422, 16
4423, 17
4424, 12
4425, 12
4426, 13
4427, 14
4428, 15
4429, 16
4430, 17
4431, 12
4432, 12
4433, 13
4434, 14
4435, 15
4436, 16
4437, 17
4438, 12
4439, 12
4440, 13
4441, 14
4442, 15
4443, 16
4444, 17
4445, 12
4446, 13
4447, 15
4448, 16
4449, 17
4450, 18
4451, 19
4452, 20
4453, 20
4454, 22
4455, 23
4456, 24
4457, 25
4458, 26
4459, 13
4460, 14
4461, 15
4462, 16
4463, 17
4464, 18
4465, 19
4466, 13
4467, 14
4468, 15
4469, 16
4470, 17
4471, 18
4472, 19
4473, 13
4474, 14
4475, 15
4476, 16
4477, 17
4478, 18
4479, 19
4480, 13
4481, 14
4482, 15
4483, 16
4484, 17
4485, 18
4486, 19
4487, 13
4488, 14
4489, 15
4490, 16
4491, 17
4492, 18
4493, 19
4494, 13
4495, 14
4496, 15
4497, 16
4498, 17
4499, 18
4500, 19
4501, 20
4502, 21
4503, 22
4504, 23
4505, 24
4506, 25
4507, 26
4508, 13
4509, 14
4510, 15
4511, 16
4512, 17
4513, 18
4514, 19
4515, 13
4516, 14
4517, 15
4518, 16
4519, 17
4520, 18
4521, 19
4522, 13
4523, 14
4524, 15
4525, 16
4526, 17
4527, 18
4528, 19
4529, 13
4530, 14
4531, 15
4532, 16
4533, 17
4534, 18
4535, 19
4536, 13
4537, 14
4538, 15
4539, 16
4540, 17
4541, 18
4542, 19
4543, 13
4544, 14
4545, 15
4546, 16
4547, 17
4548, 18
4549, 19
4550, 20
4551, 21
4552, 22
4553, 23
4554, 24
4555, 25
4556, 26
4557, 13
4558, 14
4559, 15
4560, 16
4561, 17
4562, 18
4563, 19
4564, 13
4565, 14
4566, 15
4567, 16
4568, 17
4569, 18
4570, 19
4571, 13
4572, 14
4573, 15
4574, 16
4575, 17
4576, 18
4577, 19
4578, 13
4579, 14
4580, 15
4581, 16
4582, 17
4583, 18
4584, 19
4585, 13
4586, 14
4587, 15
4588, 16
4589, 17
4590, 18
4591, 19
4592, 13
4593, 14
4594, 15
4595, 16
4596, 17
4597, 18
4598, 19
4599, 20
4600, 21
4601, 22
4602, 23
4603, 24
4604, 25
4605, 26
4606, 13
4607, 14
4608, 15
4609, 16
4610, 17
4611, 18
4612, 19
4613, 13
4614, 14
4615, 15
4616, 16
4617, 17
4618, 18
4619, 19
4620, 13
4621, 14
4622, 15
4623, 16
4624, 17
4625, 18
4626, 19
4627, 13
4628, 14
4629, 15
4630, 16
4631, 17
4632, 18
4633, 19
4634, 13
4635, 14
4636, 15
4637, 16
4638, 17
4639, 18
4640, 19
4641, 13
4642, 14
4643, 15
4644, 16
4645, 17
4646, 18
4647, 19
4648, 20
4649, 21
4650, 22
4651, 23
4652, 24
4653, 25
4654, 26
4655, 13
4656, 14
4657, 15
4658, 16
4659, 17
4660, 18
4661, 19
4662, 13
4663, 14
4664, 15
4665, 16
4666, 17
4667, 18
4668, 19
4669, 13
4670, 14
4671, 15
4672, 16
4673, 17
4674, 18
4675, 19
4676, 13
4677, 14
4678, 15
4679, 16
4680, 17
4681, 18
4682, 19
4683, 13
4684, 14
4685, 15
4686, 16
4687, 17
4688, 18
4689, 19
4690, 13
4691, 14
4692, 15
4693, 16
4694, 17
4695, 18
4696, 19
4697, 20
4698, 21
4699, 22
4700, 23
4701, 24
4702, 25
4703, 26
4704, 13
4705, 14
4706, 15
4707, 16
4708, 17
4709, 18
4710, 19
4711, 13
4712, 14
4713, 15
4714, 16
4715, 17
4716, 18
4717, 19
4718, 13
4719, 14
4720, 15
4721, 16
4722, 17
4723, 18
4724, 19
4725, 13
4726, 14
4727, 15
4728, 16
4729, 17
4730, 18
4731, 19
4732, 13
4733, 14
4734, 15
4735, 16
4736, 17
4737, 18
4738, 19
4739, 13
4740, 14
4741, 15
4742, 16
4743, 17
4744, 18
4745, 19
4746, 20
4747, 21
4748, 22
4749, 23
4750, 24
4751, 25
4752, 26
4753, 13
4754, 14
4755, 15
4756, 16
4757, 17
4758, 18
4759, 19
4760, 13
4761, 14
4762, 15
4763, 16
4764, 17
4765, 18
4766, 19
4767, 13
4768, 14
4769, 15
4770, 16
4771, 17
4772, 18
4773, 19
4774, 13
4775, 14
4776, 15
4777, 16
4778, 17
4779, 18
4780, 19
4781, 13
4782, 14
4783, 15
4784, 16
4785, 17
4786, 18
4787, 19
4788, 14
4789, 15
4790, 16
4791, 17
4792, 18
4793, 19
4794, 20
4795, 21
4796, 22
4797, 23
4798, 24
4799, 25
4800, 26
4801, 27
4802, 14
4803, 14
4804, 14
4805, 14
4806, 14
4807, 14
4808, 14
4809, 14
4810, 14
4811, 14
4812, 14
4813, 14
4814, 14
4815, 14
4816, 14
4817, 14
4818, 14
4819, 14
4820, 14
4821, 14
4822, 14
4823, 14
4824, 14
4825, 14
4826, 14
4827, 14
4828, 14
4829, 14
4830, 14
4831, 14
4832, 14
4833, 14
4834, 14
4835, 14
4836, 14
4837, 16
4838, 16
4839, 17
4840, 18
4841, 19
4842, 20
4843, 21
4844, 22
4845, 23
4846, 24
4847, 25
4848, 26
4849, 27
4850, 28
4851, 14
4852, 14
4853, 14
4854, 14
4855, 14
4856, 14
4857, 14
4858, 14
4859, 14
4860, 14
4861, 14
4862, 14
4863, 14
4864, 14
4865, 14
4866, 14
4867, 14
4868, 14
4869, 14
4870, 14
4871, 14
4872, 14
4873, 14
4874, 14
4875, 14
4876, 14
4877, 14
4878, 14
4879, 14
4880, 14
4881, 14
4882, 14
4883, 14
4884, 14
4885, 14
4886, 16
4887, 16
4888, 17
4889, 18
4890, 19
4891, 20
4892, 21
4893, 22
4894, 23
4895, 24
4896, 25
4897, 26
4898, 27
4899, 28
4900, 14
4901, 14
4902, 14
4903, 14
4904, 14
4905, 14
4906, 14
4907, 14
4908, 14
4909, 14
4910, 14
4911, 14
4912, 14
4913, 14
4914, 14
4915, 14
4916, 14
4917, 14
4918, 14
4919, 14
4920, 14
4921, 14
4922, 14
4923, 14
4924, 14
4925, 14
4926, 14
4927, 14
4928, 14
4929, 14
4930, 14
4931, 14
4932, 14
4933, 14
4934, 14
4935, 16
4936, 16
4937, 17
4938, 18
4939, 19
4940, 20
4941, 21
4942, 22
4943, 23
4944, 24
4945, 25
4946, 26
4947, 27
4948, 28
4949, 14
4950, 14
4951, 14
4952, 14
4953, 14
4954, 14
4955, 14
4956, 14
4957, 14
4958, 14
4959, 14
4960, 14
4961, 14
4962, 14
4963, 14
4964, 14
4965, 14
4966, 14
4967, 14
4968, 14
4969, 14
4970, 14
4971, 14
4972, 14
4973, 14
4974, 14
4975, 14
4976, 14
4977, 14
4978, 14
4979, 14
4980, 14
4981, 14
4982, 14
4983, 14
4984, 16
4985, 16
4986, 17
4987, 18
4988, 19
4989, 20
4990, 21
4991, 22
4992, 23
4993, 24
4994, 25
4995, 26
4996, 27
4997, 28
4998, 14
4999, 14
5000, 14
5001, 14
5002, 14
5003, 14
5004, 14
5005, 14
5006, 14
5007, 14
5008, 14
5009, 14
5010, 14
5011, 14
5012, 14
5013, 14
5014, 14
5015, 14
5016, 14
5017, 14
5018, 14
5019, 14
5020, 14
5021, 14
5022, 14
5023, 14
5024, 14
5025, 14
5026, 14
5027, 14
5028, 14
5029, 14
5030, 14
5031, 14
5032, 14
5033, 16
5034, 16
5035, 17
5036, 18
5037, 19
5038, 20
5039, 21
5040, 22
5041, 23
5042, 24
5043, 25
5044, 26
5045, 27
5046, 28
5047, 14
5048, 14
5049, 14
5050, 14
5051, 14
5052, 14
5053, 14
5054, 14
5055, 14
5056, 14
5057, 14
5058, 14
5059, 14
5060, 14
5061, 14
5062, 14
5063, 14
5064, 14
5065, 14
5066, 14
5067, 14
5068, 14
5069, 14
5070, 14
5071, 14
5072, 14
5073, 14
5074, 14
5075, 14
5076, 14
5077, 14
5078, 14
5079, 14
5080, 14
5081, 14
5082, 16
5083, 16
5084, 17
5085, 18
5086, 19
5087, 20
5088, 21
5089, 22
5090, 23
5091, 24
5092, 25
5093, 26
5094, 27
5095, 28
5096, 14
5097, 14
5098, 14
5099, 14
5100, 14
5101, 14
5102, 14
5103, 14
5104, 14
5105, 14
5106, 14
5107, 14
5108, 14
5109, 14
5110, 14
5111, 14
5112, 14
5113, 14
5114, 14
5115, 14
5116, 14
5117, 14
5118, 14
5119, 14
5120, 14
5121, 14
5122, 14
5123, 14
5124, 14
5125, 14
5126, 14
5127, 14
5128, 14
5129, 14
5130, 15
5131, 17
5132, 17
5133, 18
5134, 19
5135, 20
5136, 21
5137, 22
5138, 23
5139, 24
5140, 25
5141, 26
5142, 27
5143, 28
5144, 29
5145, 15
5146, 15
5147, 15
5148, 15
5149, 15
5150, 15
5151, 16
5152, 15
5153, 15
5154, 15
5155, 15
5156, 15
5157, 15
5158, 16
5159, 15
5160, 15
5161, 15
5162, 15
5163, 15
5164, 15
5165, 16
5166, 15
5167, 15
5168, 15
5169, 15
5170, 15
5171, 15
5172, 16
5173, 15
5174, 15
5175, 15
5176, 15
5177, 15
5178, 15
5179, 17
5180, 18
5181, 18
5182, 19
5183, 20
5184, 21
5185, 22
5186, 23
5187, 24
5188, 25
5189, 26
5190, 27
5191, 28
5192, 29
5193, 30
5194, 15
5195, 15
5196, 15
5197, 15
5198, 15
5199, 15
5200, 16
5201, 15
5202, 15
5203, 15
5204, 15
5205, 15
5206, 15
5207, 16
5208, 15
5209, 15
5210, 15
5211, 15
5212, 15
5213, 15
5214, 16
5215, 15
5216, 15
5217, 15
5218, 15
5219, 15
5220, 15
5221, 16
5222, 15
5223, 15
5224, 15
5225, 15
5226, 15
5227, 15
5228, 17
5229, 18
5230, 18
5231, 19
5232, 20
5233, 21
5234, 22
5235, 23
5236, 24
5237, 25
5238, 26
5239, 27
5240, 28
5241, 29
5242, 30
5243, 15
5244, 15
5245, 15
5246, 15
5247, 15
5248, 15
5249, 16
5250, 15
5251, 15
5252, 15
5253, 15
5254, 15
5255, 15
5256, 16
5257, 15
5258, 15
5259, 15
5260, 15
5261, 15
5262, 15
5263, 16
5264, 15
5265, 15
5266, 15
5267, 15
5268, 15
5269, 15
5270, 16
5271, 15
5272, 15
5273, 15
5274, 15
5275, 15
5276, 15
5277, 17
5278, 18
5279, 18
5280, 19
5281, 20
5282, 21
5283, 22
5284, 23
5285, 24
5286, 25
5287, 26
5288, 27
5289, 28
5290, 29
5291, 30
5292, 15
5293, 15
5294, 15
5295, 15
5296, 15
5297, 15
5298, 16
5299, 15
5300, 15
5301, 15
5302, 15
5303, 15
5304, 15
5305, 16
5306, 15
5307, 15
5308, 15
5309, 15
5310, 15
5311, 15
5312, 16
5313, 15
5314, 15
5315, 15
5316, 15
5317, 15
5318, 15
5319, 16
5320, 15
5321, 15
5322, 15
5323, 15
5324, 15
5325, 15
5326, 17
5327, 18
5328, 18
5329, 19
5330, 20
5331, 21
5332, 22
5333, 23
5334, 24
5335, 25
5336, 26
5337, 27
5338, 28
5339, 29
5340, 30
5341, 15
5342, 15
5343, 15
5344, 15
5345, 15
5346, 15
5347, 16
5348, 15
5349, 15
5350, 15
5351, 15
5352, 15
5353, 15
5354, 16
5355, 15
5356, 15
5357, 15
5358, 15
5359, 15
5360, 15
5361, 16
5362, 15
5363, 15
5364, 15
5365, 15
5366, 15
5367, 15
5368, 16
5369, 15
5370, 15
5371, 15
5372, 15
5373, 15
5374, 15
5375, 17
5376, 18
5377, 18
5378, 19
5379, 20
5380, 21
5381, 22
5382, 23
5383, 24
5384, 25
5385, 26
5386, 27
5387, 28
5388, 29
5389, 30
5390, 15
5391, 15
5392, 15
5393, 15
5394, 15
5395, 15
5396, 16
5397, 15
5398, 15
5399, 15
5400, 15
5401, 15
5402, 15
5403, 16
5404, 15
5405, 15
5406, 15
5407, 15
5408, 15
5409, 15
5410, 16
5411, 15
5412, 15
5413, 15
5414, 15
5415, 15
5416, 15
5417, 16
5418, 15
5419, 15
5420, 15
5421, 15
5422, 15
5423, 15
5424, 17
5425, 18
5426, 18
5427, 19
5428, 20
5429, 21
5430, 22
5431, 23
5432, 24
5433, 25
5434, 26
5435, 27
5436, 28
5437, 29
5438, 30
5439, 15
5440, 15
5441, 15
5442, 15
5443, 15
5444, 15
5445, 16
5446, 15
5447, 15
5448, 15
5449, 15
5450, 15
5451, 15
5452, 16
5453, 15
5454, 15
5455, 15
5456, 15
5457, 15
5458, 15
5459, 16
5460, 15
5461, 15
5462, 15
5463, 15
5464, 15
5465, 15
5466, 16
5467, 15
5468, 15
5469, 15
5470, 15
5471, 15
5472, 16
5473, 18
5474, 19
5475, 19
5476, 20
5477, 21
5478, 22
5479, 23
5480, 24
5481, 25
5482, 26
5483, 27
5484, 28
5485, 29
5486, 30
5487, -1
5488, 16
5489, 16
5490, 16
5491, 16
5492, 16
5493, 17
5494, 18
5495, 16
5496, 16
5497, 16
5498, 16
5499, 16
5500, 17
5501, 18
5502, 16
5503, 16
5504, 16
5505, 16
5506, 16
5507, 17
5508, 18
5509, 16
5510, 16
5511, 16
5512, 16
5513, 16
5514, 17
5515, 18
5516, 16
5517, 16
5518, 16
5519, 16
5520, 16
5521, 18
5522, 19
5523, 20
5524, 20
5525, 21
5526, 22
5527, 23
5528, 24
5529, 25
5530, 26
5531, 27
5532, 28
5533, 29
5534, 30
5535, -1
5536, -1
5537, 16
5538, 16
5539, 16
5540, 16
5541, 16
5542, 17
5543, 18
5544, 16
5545, 16
5546, 16
5547, 16
5548, 16
5549, 17
5550, 18
5551, 16
5552, 16
5553, 16
5554, 16
5555, 16
5556, 17
5557, 18
5558, 16
5559, 16
5560, 16
5561, 16
5562, 16
5563, 17
5564, 18
5565, 16
5566, 16
5567, 16
5568, 16
5569, 16
5570, 18
5571, 19
5572, 20
5573, 20
5574, 21
5575, 22
5576, 23
5577, 24
5578, 25
5579, 26
5580, 27
5581, 28
5582, 29
5583, 30
5584, -1
5585, -1
5586, 16
5587, 16
5588, 16
5589, 16
5590, 16
5591, 17
5592, 18
5593, 16
5594, 16
5595, 16
5596, 16
5597, 16
5598, 17
5599, 18
5600, 16
5601, 16
5602, 16
5603, 16
5604, 16
5605, 17
5606, 18
5607, 16
5608, 16
5609, 16
5610, 16
5611, 16
5612, 17
5613, 18
5614, 16
5615, 16
5616, 16
5617, 16
5618, 16
5619, 18
5620, 19
5621, 20
5622, 20
5623, 21
5624, 22
5625, 23
5626, 24
5627, 25
5628, 26
5629, 27
5630, 28
5631, 29
5632, 30
5633, -1
5634, -1
5635, 16
5636, 16
5637, 16
5638, 16
5639, 16
5640, 17
5641, 18
5642, 16
5643, 16
5644, 16
5645, 16
5646, 16
5647, 17
5648, 18
5649, 16
5650, 16
5651, 16
5652, 16
5653, 16
5654, 17
5655, 18
5656, 16
5657, 16
5658, 16
5659, 16
5660, 16
5661, 17
5662, 18
5663, 16
5664, 16
5665, 16
5666, 16
5667, 16
5668, 18
5669, 19
5670, 20
5671, 20
5672, 21
5673, 22
5674, 23
5675, 24
5676, 25
5677, 26
5678, 27
5679, 28
5680, 29
5681, 30
5682, -1
5683, -1
5684, 16
5685, 16
5686, 16
5687, 16
5688, 16
5689, 17
5690, 18
5691, 16
5692, 16
5693, 16
5694, 16
5695, 16
5696, 17
5697, 18
5698, 16
5699, 16
5700, 16
5701, 16
5702, 16
5703, 17
5704, 18
5705, 16
5706, 16
5707, 16
5708, 16
5709, 16
5710, 17
5711, 18
5712, 16
5713, 16
5714, 16
5715, 16
5716, 16
5717, 18
5718, 19
5719, 20
5720, 20
5721, 21
5722, 22
5723, 23
5724, 24
5725, 25
5726, 26
5727, 27
5728, 28
5729, 29
5730, 30
5731, -1
5732, -1
5733, 16
5734, 16
5735, 16
5736, 16
5737, 16
5738, 17
5739, 18
5740, 16
5741, 16
5742, 16
5743, 16
5744, 16
5745, 17
5746, 18
5747, 16
5748, 16
5749, 16
5750, 16
5751, 16
5752, 17
5753, 18
5754, 16
5755, 16
5756, 16
5757, 16
5758, 16
5759, 17
5760, 18
5761, 16
5762, 16
5763, 16
5764, 16
5765, 16
5766, 18
5767, 19
5768, 20
5769, 20
5770, 21
5771, 22
5772, 23
5773, 24
5774, 25
5775, 26
5776, 27
5777, 28
5778, 29
5779, 30
5780, -1
5781, -1
5782, 16
5783, 16
5784, 16
5785, 16
5786, 16
5787, 17
5788, 18
5789, 16
5790, 16
5791, 16
5792, 16
5793, 16
5794, 17
5795, 18
5796, 16
5797, 16
5798, 16
5799, 16
5800, 16
5801, 17
5802, 18
5803, 16
5804, 16
5805, 16
5806, 16
5807, 16
5808, 17
5809, 18
5810, 16
5811, 16
5812, 16
5813, 16
5814, 17
5815, 19
5816, 20
5817, 21
5818, 21
5819, 22
5820, 23
5821, 24
5822, 25
5823, 26
5824, 27
5825, 28
5826, 29
5827, 30
5828, -1
5829, -1
5830, -1
5831, 17
5832, 17
5833, 17
5834, 17
5835, 18
5836, 19
5837, 20
5838, 17
5839, 17
5840, 17
5841, 17
5842, 18
5843, 19
5844, 20
5845, 17
5846, 17
5847, 17
5848, 17
5849, 18
5850, 19
5851, 20
5852, 17
5853, 17
5854, 17
5855, 17
5856, 18
5857, 19
5858, 20
5859, 17
5860, 17
5861, 17
5862, 17
5863, 19
5864, 20
5865, 21
5866, 22
5867, 22
5868, 23
5869, 24
5870, 25
5871, 26
5872, 27
5873, 28
5874, 29
5875, 30
5876, -1
5877, -1
5878, -1
5879, -1
5880, 17
5881, 17
5882, 17
5883, 17
5884, 18
5885, 19
5886, 20
5887, 17
5888, 17
5889, 17
5890, 17
5891, 18
5892, 19
5893, 20
5894, 17
5895, 17
5896, 17
5897, 17
5898, 18
5899, 19
5900, 20
5901, 17
5902, 17
5903, 17
5904, 17
5905, 18
5906, 19
5907, 20
5908, 17
5909, 17
5910, 17
5911, 17
5912, 19
5913, 20
5914, 21
5915, 22
5916, 22
5917, 23
5918, 24
5919, 25
5920, 26
5921, 27
5922, 28
5923, 29
5924, 30
5925, -1
5926, -1
5927, -1
5928, -1
5929, 17
5930, 17
5931, 17
5932, 17
5933, 18
5934, 19
5935, 20
5936, 17
5937, 17
5938, 17
5939, 17
5940, 18
5941, 19
5942, 20
5943, 17
5944, 17
5945, 17
5946, 17
5947, 18
5948, 19
5949, 20
5950, 17
5951, 17
5952, 17
5953, 17
5954, 18
5955, 19
5956, 20
5957, 17
5958, 17
5959, 17
5960, 17
5961, 19
5962, 20
5963, 21
5964, 22
5965, 22
5966, 23
5967, 24
5968, 25
5969, 26
5970, 27
5971, 28
5972, 29
5973, 30
5974, -1
5975, -1
5976, -1
5977, -1
5978, 17
5979, 17
5980, 17
5981, 17
5982, 18
5983, 19
5984, 20
5985, 17
5986, 17
5987, 17
5988, 17
5989, 18
5990, 19
5991, 20
5992, 17
5993, 17
5994, 17
5995, 17
5996, 18
5997, 19
5998, 20
5999, 17
6000, 17
6001, 17
6002, 17
6003, 18
6004, 19
6005, 20
6006, 17
6007, 17
6008, 17
6009, 17
6010, 19
6011, 20
6012, 21
6013, 22
6014, 22
6015, 23
6016, 24
6017, 25
6018, 26
6019, 27
6020, 28
6021, 29
6022, 30
6023, -1
6024, -1
6025, -1
6026, -1
6027, 17
6028, 17
6029, 17
6030, 17
6031, 18
6032, 19
6033, 20
6034, 17
6035, 17
6036, 17
6037, 17
6038, 18
6039, 19
6040, 20
6041, 17
6042, 17
6043, 17
6044, 17
6045, 18
6046, 19
6047, 20
6048, 17
6049, 17
6050, 17
6051, 17
6052, 18
6053, 19
6054, 20
6055, 17
6056, 17
6057, 17
6058, 17
6059, 19
6060, 20
6061, 21
6062, 22
6063, 22
6064, 23
6065, 24
6066, 25
6067, 26
6068, 27
6069, 28
6070, 29
6071, 30
6072, -1
6073, -1
6074, -1
6075, -1
6076, 17
6077, 17
6078, 17
6079, 17
6080, 18
6081, 19
6082, 20
6083, 17
6084, 17
6085, 17
6086, 17
6087, 18
6088, 19
6089, 20
6090, 17
6091, 17
6092, 17
6093, 17
6094, 18
6095, 19
6096, 20
6097, 17
6098, 17
6099, 17
6100, 17
6101, 18
6102, 19
6103, 20
6104, 17
6105, 17
6106, 17
6107, 17
6108, 19
6109, 20
6110, 21
6111, 22
6112, 22
6113, 23
6114, 24
6115, 25
6116, 26
6117, 27
6118, 28
6119, 29
6120, 30
6121, -1
6122, -1
6123, -1
6124, -1
6125, 17
6126, 17
6127, 17
6128, 17
6129, 18
6130, 19
6131, 20
6132, 17
6133, 17
6134, 17
6135, 17
6136, 18
6137, 19
6138, 20
6139, 17
6140, 17
6141, 17
6142, 17
6143, 18
6144, 19
6145, 20
6146, 17
6147, 17
6148, 17
6149, 17
6150, 18
6151, 19
6152, 20
6153, 17
6154, 17
6155, 17
6156, 18
6157, 20
6158, 21
6159, 22
6160, 23
6161, 23
6162, 24
6163, 25
6164, 26
6165, 27
6166, 28
6167, 29
6168, 30
6169, -1
6170, -1
6171, -1
6172, -1
6173, -1
6174, 18
6175, 18
6176, 18
6177, 19
6178, 20
6179, 21
6180, 22
6181, 18
6182, 18
6183, 18
6184, 19
6185, 20
6186, 21
6187, 22
6188, 18
6189, 18
6190, 18
6191, 19
6192, 20
6193, 21
6194, 22
6195, 18
6196, 18
6197, 18
6198, 19
6199, 20
6200, 21
6201, 22
6202, 18
6203, 18
6204, 18
6205, 20
6206, 21
6207, 22
6208, 23
6209, 24
6210, 24
6211, 25
6212, 26
6213, 27
6214, 28
6215, 29
6216, 30
6217, -1
6218, -1
6219, -1
6220, -1
6221, -1
6222, -1
6223, 18
6224, 18
6225, 18
6226, 19
6227, 20
6228, 21
6229, 22
6230, 18
6231, 18
6232, 18
6233, 19
6234, 20
6235, 21
6236, 22
6237, 18
6238, 18
6239, 18
6240, 19
6241, 20
6242, 21
6243, 22
6244, 18
6245, 18
6246, 18
6247, 19
6248, 20
6249, 21
6250, 22
6251, 18
6252, 18
6253, 18
6254, 20
6255, 21
6256, 22
6257, 23
6258, 24
6259, 24
6260, 25
6261, 26
6262, 27
6263, 28
6264, 29
6265, 30
6266, -1
6267, -1
6268, -1
6269, -1
6270, -1
6271, -1
6272, 18
6273, 18
6274, 18
6275, 19
6276, 20
6277, 21
6278, 22
6279, 18
6280, 18
6281, 18
6282, 19
6283, 20
6284, 21
6285, 22
6286, 18
6287, 18
6288, 18
6289, 19
6290, 20
6291, 21
6292, 22
6293, 18
6294, 18
6295, 18
6296, 19
6297, 20
6298, 21
6299, 22
6300, 18
6301, 18
6302, 18
6303, 20
6304, 21
6305, 22
6306, 23
6307, 24
6308, 24
6309, 25
6310, 26
6311, 27
6312, 28
6313, 29
6314, 30
6315, -1
6316, -1
6317, -1
6318, -1
6319, -1
6320, -1
6321, 18
6322, 18
6323, 18
6324, 19
6325, 20
6326, 21
6327, 22
6328, 18
6329, 18
6330, 18
6331, 19
6332, 20
6333, 21
6334, 22
6335, 18
6336, 18
6337, 18
6338, 19
6339, 20
6340, 21
6341, 22
6342, 18
6343, 18
6344, 18
6345, 19
6346, 20
6347, 21
6348, 22
6349, 18
6350, 18
6351, 18
6352, 20
6353, 21
6354, 22
6355, 23
6356, 24
6357, 24
6358, 25
6359, 26
6360, 27
6361, 28
6362, 29
6363, 30
6364, -1
6365, -1
6366, -1
6367, -1
6368, -1
6369, -1
6370, 18
6371, 18
6372, 18
6373, 19
6374, 20
6375, 21
6376, 22
6377, 18
6378, 18
6379, 18
6380, 19
6381, 20
6382, 21
6383, 22
6384, 18
6385, 18
6386, 18
6387, 19
6388, 20
6389, 21
6390, 22
6391, 18
6392, 18
6393, 18
6394, 19
6395, 20
6396, 21
6397, 22
6398, 18
6399, 18
6400, 18
6401, 20
6402, 21
6403, 22
6404, 23
6405, 24
6406, 24
6407, 25
6408, 26
6409, 27
6410, 28
6411, 29
6412, 30
6413, -1
6414, -1
6415, -1
6416, -1
6417, -1
6418, -1
6419, 18
6420, 18
6421, 18
6422, 19
6423, 20
6424, 21
6425, 22
6426, 18
6427, 18
6428, 18
6429, 19
6430, 20
6431, 21
6432, 22
6433, 18
6434, 18
6435, 18
6436, 19
6437, 20
6438, 21
6439, 22
6440, 18
6441, 18
6442, 18
6443, 19
6444, 20
6445, 21
6446, 22
6447, 18
6448, 18
6449, 18
6450, 20
6451, 21
6452, 22
6453, 23
6454, 24
6455, 24
6456, 25
6457, 26
6458, 27
6459, 28
6460, 29
6461, 30
6462, -1
6463, -1
6464, -1
6465, -1
6466, -1
6467, -1
6468, 18
6469, 18
6470, 18
6471, 19
6472, 20
6473, 21
6474, 22
6475, 18
6476, 18
6477, 18
6478, 19
6479, 20
6480, 21
6481, 22
6482, 18
6483, 18
6484, 18
6485, 19
6486, 20
6487, 21
6488, 22
6489, 18
6490, 18
6491, 18
6492, 19
6493, 20
6494, 21
6495, 22
6496, 18
6497, 18
6498, 19
6499, 21
6500, 22
6501, 23
6502, 24
6503, 25
6504, 25
6505, 26
6506, 27
6507, 28
6508, 29
6509, 30
6510, -1
6511, -1
6512, -1
6513, -1
6514, -1
6515, -1
6516, -1
6517, 19
6518, 19
6519, 20
6520, 21
6521, 22
6522, 23
6523, 24
6524, 19
6525, 19
6526, 20
6527, 21
6528, 22
6529, 23
6530, 24
6531, 19
6532, 19
6533, 20
6534, 21
6535, 22
6536, 23
6537, 24
6538, 19
6539, 19
6540, 20
6541, 21
6542, 22
6543, 23
6544, 24
6545, 19
6546, 19
6547, 21
6548, 22
6549, 23
6550, 24
6551, 25
6552, 26
6553, 26
6554, 27
6555, 28
6556, 29
6557, 30
6558, -1
6559, -1
6560, -1
6561, -1
6562, -1
6563, -1
6564, -1
6565, -1
6566, 19
6567, 19
6568, 20
6569, 21
6570, 22
6571, 23
6572, 24
6573, 19
6574, 19
6575, 20
6576, 21
6577, 22
6578, 23
6579, 24
6580, 19
6581, 19
6582, 20
6583, 21
6584, 22
6585, 23
6586, 24
6587, 19
6588, 19
6589, 20
6590, 21
6591, 22
6592, 23
6593, 24
6594, 19
6595, 19
6596, 21
6597, 22
6598, 23
6599, 24
6600, 25
6601, 26
6602, 26
6603, 27
6604, 28
6605, 29
6606, 30
6607, -1
6608, -1
6609, -1
6610, -1
6611, -1
6612, -1
6613, -1
6614, -1
6615, 19
6616, 19
6617, 20
6618, 21
6619, 22
6620, 23
6621, 24
6622, 19
6623, 19
6624, 20
6625, 21
6626, 22
6627, 23
6628, 24
6629, 19
6630, 19
6631, 20
6632, 21
6633, 22
6634, 23
6635, 24
6636, 19
6637, 19
6638, 20
6639, 21
6640, 22
6641, 23
6642, 24
6643, 19
6644, 19
6645, 21
6646, 22
6647, 23
6648, 24
6649, 25
6650, 26
6651, 26
6652, 27
6653, 28
6654, 29
6655, 30
6656, -1
6657, -1
6658, -1
6659, -1
6660, -1
6661, -1
6662, -1
6663, -1
6664, 19
6665, 19
6666, 20
6667, 21
6668, 22
6669, 23
6670, 24
6671, 19
6672, 19
6673, 20
6674, 21
6675, 22
6676, 23
6677, 24
6678, 19
6679, 19
6680, 20
6681, 21
6682, 22
6683, 23
6684, 24
6685, 19
6686, 19
6687, 20
6688, 21
6689, 22
6690, 23
6691, 24
6692, 19
6693, 19
6694, 21
6695, 22
6696, 23
6697, 24
6698, 25
6699, 26
6700, 26
6701, 27
6702, 28
6703, 29
6704, 30
6705, -1
6706, -1
6707, -1
6708, -1
6709, -1
6710, -1
6711, -1
6712, -1
6713, 19
6714, 19
6715, 20
6716, 21
6717, 22
6718, 23
6719, 24
6720, 19
6721, 19
6722, 20
6723, 21
6724, 22
6725, 23
6726, 24
6727, 19
6728, 19
6729, 20
6730, 21
6731, 22
6732, 23
6733, 24
6734, 19
6735, 19
6736, 20
6737, 21
6738, 22
6739, 23
6740, 24
6741, 19
6742, 19
6743, 21
6744, 22
6745, 23
6746, 24
6747, 25
6748, 26
6749, 26
6750, 27
6751, 28
6752, 29
6753, 30
6754, -1
6755, -1
6756, -1
6757, -1
6758, -1
6759, -1
6760, -1
6761, -1
6762, 19
6763, 19
6764, 20
6765, 21
6766, 22
6767, 23
6768, 24
6769, 19
6770, 19
6771, 20
6772, 21
6773, 22
6774, 23
6775, 24
6776, 19
6777, 19
6778, 20
6779, 21
6780, 22
6781, 23
6782, 24
6783, 19
6784, 19
6785, 20
6786, 21
6787, 22
6788, 23
6789, 24
6790, 19
6791, 19
6792, 21
6793, 22
6794, 23
6795, 24
6796, 25
6797, 26
6798, 26
6799, 27
6800, 28
6801, 29
6802, 30
6803, -1
6804, -1
6805, -1
6806, -1
6807, -1
6808, -1
6809, -1
6810, -1
6811, 19
6812, 19
6813, 20
6814, 21
6815, 22
6816, 23
6817, 24
6818, 19
6819, 19
6820, 20
6821, 21
6822, 22
6823, 23
6824, 24
6825, 19
6826, 19
6827, 20
6828, 21
6829, 22
6830, 23
6831, 24
6832, 19
6833, 19
6834, 20
6835, 21
6836, 22
6837, 23
6838, 24
6839, 19
6840, 20
6841, 22
6842, 23
6843, 24
6844, 25
6845, 26
6846, 27
6847, 27
6848, 29
6849, 30
6850, -1
6851, -1
6852, -1
6853, -1
6854, -1
6855, -1
6856, -1
6857, -1
6858, -1
6859, -1
6860, 20
6861, 21
6862, 22
6863, 23
6864, 24
6865, 25
6866, 26
6867, 20
6868, 21
6869, 22
6870, 23
6871, 24
6872, 25
6873, 26
6874, 20
6875, 21
6876, 22
6877, 23
6878, 24
6879, 25
6880, 26
6881, 20
6882, 21
6883, 22
6884, 23
6885, 24
6886, 25
6887, 26
6888, 20
6889, 21
6890, 22
6891, 23
6892, 24
6893, 25
6894, 26
6895, 27
6896, 28
6897, 29
6898, 30
6899, -1
6900, -1
6901, -1
6902, -1
6903, -1
6904, -1
6905, -1
6906, -1
6907, -1
6908, -1
6909, 20
6910, 21
6911, 22
6912, 23
6913, 24
6914, 25
6915, 26
6916, 20
6917, 21
6918, 22
6919, 23
6920, 24
6921, 25
6922, 26
6923, 20
6924, 21
6925, 22
6926, 23
6927, 24
6928, 25
6929, 26
6930, 20
6931, 21
6932, 22
6933, 23
6934, 24
6935, 25
6936, 26
6937, 20
6938, 21
6939, 22
6940, 23
6941, 24
6942, 25
6943, 26
6944, 27
6945, 28
6946, 29
6947, 30
6948, -1
6949, -1
6950, -1
6951, -1
6952, -1
6953, -1
6954, -1
6955, -1
6956, -1
6957, -1
6958, 20
6959, 21
6960, 22
6961, 23
6962, 24
6963, 25
6964, 26
6965, 20
6966, 21
6967, 22
6968, 23
6969, 24
6970, 25
6971, 26
6972, 20
6973, 21
6974, 22
6975, 23
6976, 24
6977, 25
6978, 26
6979, 20
6980, 21
6981, 22
6982, 23
6983, 24
6984, 25
6985, 26
6986, 20
6987, 21
6988, 22
6989, 23
6990, 24
6991, 25
6992, 26
6993, 27
6994, 28
6995, 29
6996, 30
6997, -1
6998, -1
6999, -1
7000, -1
7001, -1
7002, -1
7003, -1
7004, -1
7005, -1
7006, -1
7007, 20
7008, 21
7009, 22
7010, 23
7011, 24
7012, 25
7013, 26
7014, 20
7015, 21
7016, 22
7017, 23
7018, 24
7019, 25
7020, 26
7021, 20
7022, 21
7023, 22
7024, 23
7025, 24
7026, 25
7027, 26
7028, 20
7029, 21
7030, 22
7031, 23
7032, 24
7033, 25
7034, 26
7035, 20
7036, 21
7037, 22
7038, 23
7039, 24
7040, 25
7041, 26
7042, 27
7043, 28
7044, 29
7045, 30
7046, -1
7047, -1
7048, -1
7049, -1
7050, -1
7051, -1
7052, -1
7053, -1
7054, -1
7055, -1
7056, 20
7057, 21
7058, 22
7059, 23
7060, 24
7061, 25
7062, 26
7063, 20
7064, 21
7065, 22
7066, 23
7067, 24
7068, 25
7069, 26
7070, 20
7071, 21
7072, 22
7073, 23
7074, 24
7075, 25
7076, 26
7077, 20
7078, 21
7079, 22
7080, 23
7081, 24
7082, 25
7083, 26
7084, 20
7085, 21
7086, 22
7087, 23
7088, 24
7089, 25
7090, 26
7091, 27
7092, 28
7093, 29
7094, 30
7095, -1
7096, -1
7097, -1
7098, -1
7099, -1
7100, -1
7101, -1
7102, -1
7103, -1
7104, -1
7105, 20
7106, 21
7107, 22
7108, 23
7109, 24
7110, 25
7111, 26
7112, 20
7113, 21
7114, 22
7115, 23
7116, 24
7117, 25
7118, 26
7119, 20
7120, 21
7121, 22
7122, 23
7123, 24
7124, 25
7125, 26
7126, 20
7127, 21
7128, 22
7129, 23
7130, 24
7131, 25
7132, 26
7133, 20
7134, 21
7135, 22
7136, 23
7137, 24
7138, 25
7139, 26
7140, 27
7141, 28
7142, 29
7143, 30
7144, -1
7145, -1
7146, -1
7147, -1
7148, -1
7149, -1
7150, -1
7151, -1
7152, -1
7153, -1
7154, 20
7155, 21
7156, 22
7157, 23
7158, 24
7159, 25
7160, 26
7161, 20
7162, 21
7163, 22
7164, 23
7165, 24
7166, 25
7167, 26
7168, 20
7169, 21
7170, 22
7171, 23
7172, 24
7173, 25
7174, 26
7175, 20
7176, 21
7177, 22
7178, 23
7179, 24
7180, 25
7181, 26
7182, 21
7183, 22
7184, 23
7185, 24
7186, 25
7187, 26
7188, 27
7189, 28
7190, 29
7191, 30
7192, -1
7193, -1
7194, -1
7195, -1
7196, -1
7197, -1
7198, -1
7199, -1
7200, -1
7201, -1
7202, -1
7203, 21
7204, 21
7205, 21
7206, 21
7207, 21
7208, 21
7209, 21
7210, 21
7211, 21
7212, 21
7213, 21
7214, 21
7215, 21
7216, 21
7217, 21
7218, 21
7219, 21
7220, 21
7221, 21
7222, 21
7223, 21
7224, 21
7225, 21
7226, 21
7227, 21
7228, 21
7229, 21
7230, 21
7231, 23
7232, 23
7233, 24
7234, 25
7235, 26
7236, 27
7237, 28
7238, 29
7239, 30
7240, -1
7241, -1
7242, -1
7243, -1
7244, -1
7245, -1
7246, -1
7247, -1
7248, -1
7249, -1
7250, -1
7251, -1
7252, 21
7253, 21
7254, 21
7255, 21
7256, 21
7257, 21
7258, 21
7259, 21
7260, 21
7261, 21
7262, 21
7263, 21
7264, 21
7265, 21
7266, 21
7267, 21
7268, 21
7269, 21
7270, 21
7271, 21
7272, 21
7273, 21
7274, 21
7275, 21
7276, 21
7277, 21
7278, 21
7279, 21
7280, 23
7281, 23
7282, 24
7283, 25
7284, 26
7285, 27
7286, 28
7287, 29
7288, 30
7289, -1
7290, -1
7291, -1
7292, -1
7293, -1
7294, -1
7295, -1
7296, -1
7297, -1
7298, -1
7299, -1
7300, -1
7301, 21
7302, 21
7303, 21
7304, 21
7305, 21
7306, 21
7307, 21
7308, 21
7309, 21
7310, 21
7311, 21
7312, 21
7313, 21
7314, 21
7315, 21
7316, 21
7317, 21
7318, 21
7319, 21
7320, 21
7321, 21
7322, 21
7323, 21
7324, 21
7325, 21
7326, 21
7327, 21
7328, 21
7329, 23
7330, 23
7331, 24
7332, 25
7333, 26
7334, 27
7335, 28
7336, 29
7337, 30
7338, -1
7339, -1
7340, -1
7341, -1
7342, -1
7343, -1
7344, -1
7345, -1
7346, -1
7347, -1
7348, -1
7349, -1
7350, 21
7351, 21
7352, 21
7353, 21
7354, 21
7355, 21
7356, 21
7357, 21
7358, 21
7359, 21
7360, 21
7361, 21
7362, 21
7363, 21
7364, 21
7365, 21
7366, 21
7367, 21
7368, 21
7369, 21
7370, 21
7371, 21
7372, 21
7373, 21
7374, 21
7375, 21
7376, 21
7377, 21
7378, 23
7379, 23
7380, 24
7381, 25
7382, 26
7383, 27
7384, 28
7385, 29
7386, 30
7387, -1
7388, -1
7389, -1
7390, -1
7391, -1
7392, -1
7393, -1
7394, -1
7395, -1
7396, -1
7397, -1
7398, -1
7399, 21
7400, 21
7401, 21
7402, 21
7403, 21
7404, 21
7405, 21
7406, 21
7407, 21
7408, 21
7409, 21
7410, 21
7411, 21
7412, 21
7413, 21
7414, 21
7415, 21
7416, 21
7417, 21
7418, 21
7419, 21
7420, 21
7421, 21
7422, 21
7423, 21
7424, 21
7425, 21
7426, 21
7427, 23
7428, 23
7429, 24
7430, 25
7431, 26
7432, 27
7433, 28
7434, 29
7435, 30
7436, -1
7437, -1
7438, -1
7439, -1
7440, -1
7441, -1
7442, -1
7443, -1
7444, -1
7445, -1
7446, -1
7447, -1
7448, 21
7449, 21
7450, 21
7451, 21
7452, 21
7453, 21
7454, 21
7455, 21
7456, 21
7457, 21
7458, 21
7459, 21
7460, 21
7461, 21
7462, 21
7463, 21
7464, 21
7465, 21
7466, 21
7467, 21
7468, 21
7469, 21
7470, 21
7471, 21
7472, 21
7473, 21
7474, 21
7475, 21
7476, 23
7477, 23
7478, 24
7479, 25
7480, 26
7481, 27
7482, 28
7483, 29
7484, 30
7485, -1
7486, -1
7487, -1
7488, -1
7489, -1
7490, -1
7491, -1
7492, -1
7493, -1
7494, -1
7495, -1
7496, -1
7497, 21
7498, 21
7499, 21
7500, 21
7501, 21
7502, 21
7503, 21
7504, 21
7505, 21
7506, 21
7507, 21
7508, 21
7509, 21
7510, 21
7511, 21
7512, 21
7513, 21
7514, 21
7515, 21
7516, 21
7517, 21
7518, 21
7519, 21
7520, 21
7521, 21
7522, 21
7523, 21
7524, 22
7525, 24
7526, 24
7527, 25
7528, 26
7529, 27
7530, 28
7531, 29
7532, 30
7533, -1
7534, -1
7535, -1
7536, -1
7537, -1
7538, -1
7539, -1
7540, -1
7541, -1
7542, -1
7543, -1
7544, -1
7545, -1
7546, 22
7547, 22
7548, 22
7549, 22
7550, 22
7551, 22
7552, 23
7553, 22
7554, 22
7555, 22
7556, 22
7557, 22
7558, 22
7559, 23
7560, 22
7561, 22
7562, 22
7563, 22
7564, 22
7565, 22
7566, 23
7567, 22
7568, 22
7569, 22
7570, 22
7571, 22
7572, 22
7573, 24
7574, 25
7575, 25
7576, 26
7577, 27
7578, 28
7579, 29
7580, 30
7581, -1
7582, -1
7583, -1
7584, -1
7585, -1
7586, -1
7587, -1
7588, -1
7589, -1
7590, -1
7591, -1
7592, -1
7593, -1
7594, -1
7595, 22
7596, 22
7597, 22
7598, 22
7599, 22
7600, 22
7601, 23
7602, 22
7603, 22
7604, 22
7605, 22
7606, 22
7607, 22
7608, 23
7609, 22
7610, 22
7611, 22
7612, 22
7613, 22
7614, 22
7615, 23
7616, 22
7617, 22
7618, 22
7619, 22
7620, 22
7621, 22
7622, 24
7623, 25
7624, 25
7625, 26
7626, 27
7627, 28
7628, 29
7629, 30
7630, -1
7631, -1
7632, -1
7633, -1
7634, -1
7635, -1
7636, -1
7637, -1
7638, -1
7639, -1
7640, -1
7641, -1
7642, -1
7643, -1
7644, 22
7645, 22
7646, 22
7647, 22
7648, 22
7649, 22
7650, 23
7651, 22
7652, 22
7653, 22
7654, 22
7655, 22
7656, 22
7657, 23
7658, 22
7659, 22
7660, 22
7661, 22
7662, 22
7663, 22
7664, 23
7665, 22
7666, 22
7667, 22
7668, 22
7669, 22
7670, 22
7671, 24
7672, 25
7673, 25
7674, 26
7675, 27
7676, 28
7677, 29
7678, 30
7679, -1
7680, -1
7681, -1
7682, -1
7683, -1
7684, -1
7685, -1
7686, -1
7687, -1
7688, -1
7689, -1
7690, -1
7691, -1
7692, -1
7693, 22
7694, 22
7695, 22
7696, 22
7697, 22
7698, 22
7699, 23
7700, 22
7701, 22
7702, 22
7703, 22
7704, 22
7705, 22
7706, 23
7707, 22
7708, 22
7709, 22
7710, 22
7711, 22
7712, 22
7713, 23
7714, 22
7715, 22
7716, 22
7717, 22
7718, 22
7719, 22
7720, 24
7721, 25
7722, 25
7723, 26
7724, 27
7725, 28
7726, 29
7727, 30
7728, -1
7729, -1
7730, -1
7731, -1
7732, -1
7733, -1
7734, -1
7735, -1
7736, -1
7737, -1
7738, -1
7739, -1
7740, -1
7741, -1
7742, 22
7743, 22
7744, 22
7745, 22
7746, 22
7747, 22
7748, 23
7749, 22
7750, 22
7751, 22
7752, 22
7753, 22
7754, 22
7755, 23
7756, 22
7757, 22
7758, 22
7759, 22
7760, 22
7761, 22
7762, 23
7763, 22
7764, 22
7765, 22
7766, 22
7767, 22
7768, 22
7769, 24
7770, 25
7771, 25
7772, 26
7773, 27
7774, 28
7775, 29
7776, 30
7777, -1
7778, -1
7779, -1
7780, -1
7781, -1
7782, -1
7783, -1
7784, -1
7785, -1
7786, -1
7787, -1
7788, -1
7789, -1
7790, -1
7791, 22
7792, 22
7793, 22
7794, 22
7795, 22
7796, 22
7797, 23
7798, 22
7799, 22
7800, 22
7801, 22
7802, 22
7803, 22
7804, 23
7805, 22
7806, 22
7807, 22
7808, 22
7809, 22
7810, 22
7811, 23
7812, 22
7813, 22
7814, 22
7815, 22
7816, 22
7817, 22
7818, 24
7819, 25
7820, 25
7821, 26
7822, 27
7823, 28
7824, 29
7825, 30
7826, -1
7827, -1
7828, -1
7829, -1
7830, -1
7831, -1
7832, -1
7833, -1
7834, -1
7835, -1
7836, -1
7837, -1
7838, -1
7839, -1
7840, 22
7841, 22
7842, 22
7843, 22
7844, 22
7845, 22
7846, 23
7847, 22
7848, 22
7849, 22
7850, 22
7851, 22
7852, 22
7853, 23
7854, 22
7855, 22
7856, 22
7857, 22
7858, 22
7859, 22
7860, 23
7861, 22
7862, 22
7863, 22
7864, 22
7865, 22
7866, 23
7867, 25
7868, 26
7869, 26
7870, 27
7871, 28
7872, 29
7873, 30
7874, -1
7875, -1
7876, -1
7877, -1
7878, -1
7879, -1
7880, -1
7881, -1
7882, -1
7883, -1
7884, -1
7885, -1
7886, -1
7887, -1
7888, -1
7889, 23
7890, 23
7891, 23
7892, 23
7893, 23
7894, 24
7895, 25
7896, 23
7897, 23
7898, 23
7899, 23
7900, 23
7901, 24
7902, 25
7903, 23
7904, 23
7905, 23
7906, 23
7907, 23
7908, 24
7909, 25
7910, 23
7911, 23
7912, 23
7913, 23
7914, 23
7915, 25
7916, 26
7917, 27
7918, 27
7919, 28
7920, 29
7921, 30
7922, -1
7923, -1
7924, -1
7925, -1
7926, -1
7927, -1
7928, -1
7929, -1
7930, -1
7931, -1
7932, -1
7933, -1
7934, -1
7935, -1
7936, -1
7937, -1
7938, 23
7939, 23
7940, 23
7941, 23
7942, 23
7943, 24
7944, 25
7945, 23
7946, 23
7947, 23
7948, 23
7949, 23
7950, 24
7951, 25
7952, 23
7953, 23
7954, 23
7955, 23
7956, 23
7957, 24
7958, 25
7959, 23
7960, 23
7961, 23
7962, 23
7963, 23
7964, 25
7965, 26
7966, 27
7967, 27
7968, 28
7969, 29
7970, 30
7971, -1
7972, -1
7973, -1
7974, -1
7975, -1
7976, -1
7977, -1
7978, -1
7979, -1
7980, -1
7981, -1
7982, -1
7983, -1
7984, -1
7985, -1
7986, -1
7987, 23
7988, 23
7989, 23
7990, 23
7991, 23
7992, 24
7993, 25
7994, 23
7995, 23
7996, 23
7997, 23
7998, 23
7999, 24
8000, 25
8001, 23
8002, 23
8003, 23
8004, 23
8005, 23
8006, 24
8007, 25
8008, 23
8009, 23
8010, 23
8011, 23
8012, 23
8013, 25
8014, 26
8015, 27
8016, 27
8017, 28
8018, 29
8019, 30
8020, -1
8021, -1
8022, -1
8023, -1
8024, -1
8025, -1
8026, -1
8027, -1
8028, -1
8029, -1
8030, -1
8031, -1
8032, -1
8033, -1
8034, -1
8035, -1
8036, 23
8037, 23
8038, 23
8039, 23
8040, 23
8041, 24
8042, 25
8043, 23
8044, 23
8045, 23
8046, 23
8047, 23
8048, 24
8049, 25
8050, 23
8051, 23
8052, 23
8053, 23
8054, 23
8055, 24
8056, 25
8057, 23
8058, 23
8059, 23
8060, 23
8061, 23
8062, 25
8063, 26
8064, 27
8065, 27
8066, 28
8067, 29
8068, 30
8069, -1
8070, -1
8071, -1
8072, -1
8073, -1
8074, -1
8075, -1
8076, -1
8077, -1
8078, -1
8079, -1
8080, -1
8081, -1
8082, -1
8083, -1
8084, -1
8085, 23
8086, 23
8087, 23
8088, 23
8089, 23
8090, 24
8091, 25
8092, 23
8093, 23
8094, 23
8095, 23
8096, 23
8097, 24
8098, 25
8099, 23
8100, 23
8101, 23
8102, 23
8103, 23
8104, 24
8105, 25
8106, 23
8107, 23
8108, 23
8109, 23
8110, 23
8111, 25
8112, 26
8113, 27
8114, 27
8115, 28
8116, 29
8117, 30
8118, -1
8119, -1
8120, -1
8121, -1
8122, -1
8123, -1
8124, -1
8125, -1
8126, -1
8127, -1
8128, -1
8129, -1
8130, -1
8131, -1
8132, -1
8133, -1
8134, 23
8135, 23
8136, 23
8137, 23
8138, 23
8139, 24
8140, 25
8141, 23
8142, 23
8143, 23
8144, 23
8145, 23
8146, 24
8147, 25
8148, 23
8149, 23
8150, 23
8151, 23
8152, 23
8153, 24
8154, 25
8155, 23
8156, 23
8157, 23
8158, 23
8159, 23
8160, 25
8161, 26
8162, 27
8163, 27
8164, 28
8165, 29
8166, 30
8167, -1
8168, -1
8169, -1
8170, -1
8171, -1
8172, -1
8173, -1
8174, -1
8175, -1
8176, -1
8177, -1
8178, -1
8179, -1
8180, -1
8181, -1
8182, -1
8183, 23
8184, 23
8185, 23
8186, 23
8187, 23
8188, 24
8189, 25
8190, 23
8191, 23
8192, 23
8193, 23
8194, 23
8195, 24
8196, 25
8197, 23
8198, 23
8199, 23
8200, 23
8201, 23
8202, 24
8203, 25
8204, 23
8205, 23
8206, 23
8207, 23
8208, 24
8209, 26
8210, 27
8211, 28
8212, 28
8213, 29
8214, 30
8215, -1
8216, -1
8217, -1
8218, -1
8219, -1
8220, -1
8221, -1
8222, -1
8223, -1
8224, -1
8225, -1
8226, -1
8227, -1
8228, -1
8229, -1
8230, -1
8231, -1
8232, 24
8233, 24
8234, 24
8235, 24
8236, 25
8237, 26
8238, 27
8239, 24
8240, 24
8241, 24
8242, 24
8243, 25
8244, 26
8245, 27
8246, 24
8247, 24
8248, 24
8249, 24
8250, 25
8251, 26
8252, 27
8253, 24
8254, 24
8255, 24
8256, 24
8257, 26
8258, 27
8259, 28
8260, 29
8261, 29
8262, 30
8263, -1
8264, -1
8265, -1
8266, -1
8267, -1
8268, -1
8269, -1
8270, -1
8271, -1
8272, -1
8273, -1
8274, -1
8275, -1
8276, -1
8277, -1
8278, -1
8279, -1
8280, -1
8281, 24
8282, 24
8283, 24
8284, 24
8285, 25
8286, 26
8287, 27
8288, 24
8289, 24
8290, 24
8291, 24
8292, 25
8293, 26
8294, 27
8295, 24
8296, 24
8297, 24
8298, 24
8299, 25
8300, 26
8301, 27
8302, 24
8303, 24
8304, 24
8305, 24
8306, 26
8307, 27
8308, 28
8309, 29
8310, 29
8311, 30
8312, -1
8313, -1
8314, -1
8315, -1
8316, -1
8317, -1
8318, -1
8319, -1
8320, -1
8321, -1
8322, -1
8323, -1
8324, -1
8325, -1
8326, -1
8327, -1
8328, -1
8329, -1
8330, 24
8331, 24
8332, 24
8333, 24
8334, 25
8335, 26
8336, 27
8337, 24
8338, 24
8339, 24
8340, 24
8341, 25
8342, 26
8343, 27
8344, 24
8345, 24
8346, 24
8347, 24
8348, 25
8349, 26
8350, 27
8351, 24
8352, 24
8353, 24
8354, 24
8355, 26
8356, 27
8357, 28
8358, 29
8359, 29
8360, 30
8361, -1
8362, -1
8363, -1
8364, -1
8365, -1
8366, -1
8367, -1
8368, -1
8369, -1
8370, -1
8371, -1
8372, -1
8373, -1
8374, -1
8375, -1
8376, -1
8377, -1
8378, -1
8379, 24
8380, 24
8381, 24
8382, 24
8383, 25
8384, 26
8385, 27
8386, 24
8387, 24
8388, 24
8389, 24
8390, 25
8391, 26
8392, 27
8393, 24
8394, 24
8395, 24
8396, 24
8397, 25
8398, 26
8399, 27
8400, 24
8401, 24
8402, 24
8403, 24
8404, 26
8405, 27
8406, 28
8407, 29
8408, 29
8409, 30
8410, -1
8411, -1
8412, -1
8413, -1
8414, -1
8415, -1
8416, -1
8417, -1
8418, -1
8419, -1
8420, -1
8421, -1
8422, -1
8423, -1
8424, -1
8425, -1
8426, -1
8427, -1
8428, 24
8429, 24
8430, 24
8431, 24
8432, 25
8433, 26
8434, 27
8435, 24
8436, 24
8437, 24
8438, 24
8439, 25
8440, 26
8441, 27
8442, 24
8443, 24
8444, 24
8445, 24
8446, 25
8447, 26
8448, 27
8449, 24
8450, 24
8451, 24
8452, 24
8453, 26
8454, 27
8455, 28
8456, 29
8457, 29
8458, 30
8459, -1
8460, -1
8461, -1
8462, -1
8463, -1
8464, -1
8465, -1
8466, -1
8467, -1
8468, -1
8469, -1
8470, -1
8471, -1
8472, -1
8473, -1
8474, -1
8475, -1
8476, -1
8477, 24
8478, 24
8479, 24
8480, 24
8481, 25
8482, 26
8483, 27
8484, 24
8485, 24
8486, 24
8487, 24
8488, 25
8489, 26
8490, 27
8491, 24
8492, 24
8493, 24
8494, 24
8495, 25
8496, 26
8497, 27
8498, 24
8499, 24
8500, 24
8501, 24
8502, 26
8503, 27
8504, 28
8505, 29
8506, 29
8507, 30
8508, -1
8509, -1
8510, -1
8511, -1
8512, -1
8513, -1
8514, -1
8515, -1
8516, -1
8517, -1
8518, -1
8519, -1
8520, -1
8521, -1
8522, -1
8523, -1
8524, -1
8525, -1
8526, 24
8527, 24
8528, 24
8529, 24
8530, 25
8531, 26
8532, 27
8533, 24
8534, 24
8535, 24
8536, 24
8537, 25
8538, 26
8539, 27
8540, 24
8541, 24
8542, 24
8543, 24
8544, 25
8545, 26
8546, 27
8547, 24
8548, 24
8549, 24
8550, 25
8551, 27
8552, 28
8553, 29
8554, 30
8555, 30
8556, -1
8557, -1
8558, -1
8559, -1
8560, -1
8561, -1
8562, -1
8563, -1
8564, -1
8565, -1
8566, -1
8567, -1
8568, -1
8569, -1
8570, -1
8571, -1
8572, -1
8573, -1
8574, -1
8575, 25
8576, 25
8577, 25
8578, 26
8579, 27
8580, 28
8581, 29
8582, 25
8583, 25
8584, 25
8585, 26
8586, 27
8587, 28
8588, 29
8589, 25
8590, 25
8591, 25
8592, 26
8593, 27
8594, 28
8595, 29
8596, 25
8597, 25
8598, 25
8599, 27
8600, 28
8601, 29
8602, 30
8603, -1
8604, -1
8605, -1
8606, -1
8607, -1
8608, -1
8609, -1
8610, -1
8611, -1
8612, -1
8613, -1
8614, -1
8615, -1
8616, -1
8617, -1
8618, -1
8619, -1
8620, -1
8621, -1
8622, -1
8623, -1
8624, 25
8625, 25
8626, 25
8627, 26
8628, 27
8629, 28
8630, 29
8631, 25
8632, 25
8633, 25
8634, 26
8635, 27
8636, 28
8637, 29
8638, 25
8639, 25
8640, 25
8641, 26
8642, 27
8643, 28
8644, 29
8645, 25
8646, 25
8647, 25
8648, 27
8649, 28
8650, 29
8651, 30
8652, -1
8653, -1
8654, -1
8655, -1
8656, -1
8657, -1
8658, -1
8659, -1
8660, -1
8661, -1
8662, -1
8663, -1
8664, -1
8665, -1
8666, -1
8667, -1
8668, -1
8669, -1
8670, -1
8671, -1
8672, -1
8673, 25
8674, 25
8675, 25
8676, 26
8677, 27
8678, 28
8679, 29
8680, 25
8681, 25
8682, 25
8683, 26
8684, 27
8685, 28
8686, 29
8687, 25
8688, 25
8689, 25
8690, 26
8691, 27
8692, 28
8693, 29
8694, 25
8695, 25
8696, 25
8697, 27
8698, 28
8699, 29
8700, 30
8701, -1
8702, -1
8703, -1
8704, -1
8705, -1
8706, -1
8707, -1
8708, -1
8709, -1
8710, -1
8711, -1
8712, -1
8713, -1
8714, -1
8715, -1
8716, -1
8717, -1
8718, -1
8719, -1
8720, -1
8721, -1
8722, 25
8723, 25
8724, 25
8725, 26
8726, 27
8727, 28
8728, 29
8729, 25
8730, 25
8731, 25
8732, 26
8733, 27
8734, 28
8735, 29
8736, 25
8737, 25
8738, 25
8739, 26
8740, 27
8741, 28
8742, 29
8743, 25
8744, 25
8745, 25
8746, 27
8747, 28
8748, 29
8749, 30
8750, -1
8751, -1
8752, -1
8753, -1
8754, -1
8755, -1
8756, -1
8757, -1
8758, -1
8759, -1
8760, -1
8761, -1
8762, -1
8763, -1
8764, -1
8765, -1
8766, -1
8767, -1
8768, -1
8769, -1
8770, -1
8771, 25
8772, 25
8773, 25
8774, 26
8775, 27
8776, 28
8777, 29
8778, 25
8779, 25
8780, 25
8781, 26
8782, 27
8783, 28
8784, 29
8785, 25
8786, 25
8787, 25
8788, 26
8789, 27
8790, 28
8791, 29
8792, 25
8793, 25
8794, 25
8795, 27
8796, 28
8797, 29
8798, 30
8799, -1
8800, -1
8801, -1
8802, -1
8803, -1
8804, -1
8805, -1
8806, -1
8807, -1
8808, -1
8809, -1
8810, -1
8811, -1
8812, -1
8813, -1
8814, -1
8815, -1
8816, -1
8817, -1
8818, -1
8819, -1
8820, 25
8821, 25
8822, 25
8823, 26
8824, 27
8825, 28
8826, 29
8827, 25
8828, 25
8829, 25
8830, 26
8831, 27
8832, 28
8833, 29
8834, 25
8835, 25
8836, 25
8837, 26
8838, 27
8839, 28
8840, 29
8841, 25
8842, 25
8843, 25
8844, 27
8845, 28
8846, 29
8847, 30
8848, -1
8849, -1
8850, -1
8851, -1
8852, -1
8853, -1
8854, -1
8855, -1
8856, -1
8857, -1
8858, -1
8859, -1
8860, -1
8861, -1
8862, -1
8863, -1
8864, -1
8865, -1
8866, -1
8867, -1
8868, -1
8869, 25
8870, 25
8871, 25
8872, 26
8873, 27
8874, 28
8875, 29
8876, 25
8877, 25
8878, 25
8879, 26
8880, 27
8881, 28
8882, 29
8883, 25
8884, 25
8885, 25
8886, 26
8887, 27
8888, 28
8889, 29
8890, 25
8891, 25
8892, 26
8893, 28
8894, 29
8895, 30
8896, -1
8897, -1
8898, -1
8899, -1
8900, -1
8901, -1
8902, -1
8903, -1
8904, -1
8905, -1
8906, -1
8907, -1
8908, -1
8909, -1
8910, -1
8911, -1
8912, -1
8913, -1
8914, -1
8915, -1
8916, -1
8917, -1
8918, 26
8919, 26
8920, 27
8921, 28
8922, 29
8923, 30
8924, -1
8925, 26
8926, 26
8927, 27
8928, 28
8929, 29
8930, 30
8931, -1
8932, 26
8933, 26
8934, 27
8935, 28
8936, 29
8937, 30
8938, -1
8939, 26
8940, 26
8941, 28
8942, 29
8943, 30
8944, -1
8945, -1
8946, -1
8947, -1
8948, -1
8949, -1
8950, -1
8951, -1
8952, -1
8953, -1
8954, -1
8955, -1
8956, -1
8957, -1
8958, -1
8959, -1
8960, -1
8961, -1
8962, -1
8963, -1
8964, -1
8965, -1
8966, -1
8967, 26
8968, 26
8969, 27
8970, 28
8971, 29
8972, 30
8973, -1
8974, 26
8975, 26
8976, 27
8977, 28
8978, 29
8979, 30
8980, -1
8981, 26
8982, 26
8983, 27
8984, 28
8985, 29
8986, 30
8987, -1
8988, 26
8989, 26
8990, 28
8991, 29
8992, 30
8993, -1
8994, -1
8995, -1
8996, -1
8997, -1
8998, -1
8999, -1
9000, -1
9001, -1
9002, -1
9003, -1
9004, -1
9005, -1
9006, -1
9007, -1
9008, -1
9009, -1
9010, -1
9011, -1
9012, -1
9013, -1
9014, -1
9015, -1
9016, 26
9017, 26
9018, 27
9019, 28
9020, 29
9021, 30
9022, -1
9023, 26
9024, 26
9025, 27
9026, 28
9027, 29
9028, 30
9029, -1
9030, 26
9031, 26
9032, 27
9033, 28
9034, 29
9035, 30
9036, -1
9037, 26
9038, 26
9039, 28
9040, 29
9041, 30
9042, -1
9043, -1
9044, -1
9045, -1
9046, -1
9047, -1
9048, -1
9049, -1
9050, -1
9051, -1
9052, -1
9053, -1
9054, -1
9055, -1
9056, -1
9057, -1
9058, -1
9059, -1
9060, -1
9061, -1
9062, -1
9063, -1
9064, -1
9065, 26
9066, 26
9067, 27
9068, 28
9069, 29
9070, 30
9071, -1
9072, 26
9073, 26
9074, 27
9075, 28
9076, 29
9077, 30
9078, -1
9079, 26
9080, 26
9081, 27
9082, 28
9083, 29
9084, 30
9085, -1
9086, 26
9087, 26
9088, 28
9089, 29
9090, 30
9091, -1
9092, -1
9093, -1
9094, -1
9095, -1
9096, -1
9097, -1
9098, -1
9099, -1
9100, -1
9101, -1
9102, -1
9103, -1
9104, -1
9105, -1
9106, -1
9107, -1
9108, -1
9109, -1
9110, -1
9111, -1
9112, -1
9113, -1
9114, 26
9115, 26
9116, 27
9117, 28
9118, 29
9119, 30
9120, -1
9121, 26
9122, 26
9123, 27
9124, 28
9125, 29
9126, 30
9127, -1
9128, 26
9129, 26
9130, 27
9131, 28
9132, 29
9133, 30
9134, -1
9135, 26
9136, 26
9137, 28
9138, 29
9139, 30
9140, -1
9141, -1
9142, -1
9143, -1
9144, -1
9145, -1
9146, -1
9147, -1
9148, -1
9149, -1
9150, -1
9151, -1
9152, -1
9153, -1
9154, -1
9155, -1
9156, -1
9157, -1
9158, -1
9159, -1
9160, -1
9161, -1
9162, -1
9163, 26
9164, 26
9165, 27
9166, 28
9167, 29
9168, 30
9169, -1
9170, 26
9171, 26
9172, 27
9173, 28
9174, 29
9175, 30
9176, -1
9177, 26
9178, 26
9179, 27
9180, 28
9181, 29
9182, 30
9183, -1
9184, 26
9185, 26
9186, 28
9187, 29
9188, 30
9189, -1
9190, -1
9191, -1
9192, -1
9193, -1
9194, -1
9195, -1
9196, -1
9197, -1
9198, -1
9199, -1
9200, -1
9201, -1
9202, -1
9203, -1
9204, -1
9205, -1
9206, -1
9207, -1
9208, -1
9209, -1
9210, -1
9211, -1
9212, 26
9213, 26
9214, 27
9215, 28
9216, 29
9217, 30
9218, -1
9219, 26
9220, 26
9221, 27
9222, 28
9223, 29
9224, 30
9225, -1
9226, 26
9227, 26
9228, 27
9229, 28
9230, 29
9231, 30
9232, -1
9233, 26
9234, 27
9235, 29
9236, 30
9237, -1
9238, -1
9239, -1
9240, -1
9241, -1
9242, -1
9243, -1
9244, -1
9245, -1
9246, -1
9247, -1
9248, -1
9249, -1
9250, -1
9251, -1
9252, -1
9253, -1
9254, -1
9255, -1
9256, -1
9257, -1
9258, -1
9259, -1
9260, -1
9261, 27
9262, 28
9263, 29
9264, 30
9265, -1
9266, -1
9267, -1
9268, 27
9269, 28
9270, 29
9271, 30
9272, -1
9273, -1
9274, -1
9275, 27
9276, 28
9277, 29
9278, 30
9279, -1
9280, -1
9281, -1
9282, 27
9283, 28
9284, 29
9285, 30
9286, -1
9287, -1
9288, -1
9289, -1
9290, -1
9291, -1
9292, -1
9293, -1
9294, -1
9295, -1
9296, -1
9297, -1
9298, -1
9299, -1
9300, -1
9301, -1
9302, -1
9303, -1
9304, -1
9305, -1
9306, -1
9307, -1
9308, -1
9309, -1
9310, 27
9311, 28
9312, 29
9313, 30
9314, -1
9315, -1
9316, -1
9317, 27
9318, 28
9319, 29
9320, 30
9321, -1
9322, -1
9323, -1
9324, 27
9325, 28
9326, 29
9327, 30
9328, -1
9329, -1
9330, -1
9331, 27
9332, 28
9333, 29
9334, 30
9335, -1
9336, -1
9337, -1
9338, -1
9339, -1
9340, -1
9341, -1
9342, -1
9343, -1
9344, -1
9345, -1
9346, -1
9347, -1
9348, -1
9349, -1
9350, -1
9351, -1
9352, -1
9353, -1
9354, -1
9355, -1
9356, -1
9357, -1
9358, -1
9359, 27
9360, 28
9361, 29
9362, 30
9363, -1
9364, -1
9365, -1
9366, 27
9367, 28
9368, 29
9369, 30
9370, -1
9371, -1
9372, -1
9373, 27
9374, 28
9375, 29
9376, 30
9377, -1
9378, -1
9379, -1
9380, 27
9381, 28
9382, 29
9383, 30
9384, -1
9385, -1
9386, -1
9387, -1
9388, -1
9389, -1
9390, -1
9391, -1
9392, -1
9393, -1
9394, -1
9395, -1
9396, -1
9397, -1
9398, -1
9399, -1
9400, -1
9401, -1
9402, -1
9403, -1
9404, -1
9405, -1
9406, -1
9407, -1
9408, 27
9409, 28
9410, 29
9411, 30
9412, -1
9413, -1
9414, -1
9415, 27
9416, 28
9417, 29
9418, 30
9419, -1
9420, -1
9421, -1
9422, 27
9423, 28
9424, 29
9425, 30
9426, -1
9427, -1
9428, -1
9429, 27
9430, 28
9431, 29
9432, 30
9433, -1
9434, -1
9435, -1
9436, -1
9437, -1
9438, -1
9439, -1
9440, -1
9441, -1
9442, -1
9443, -1
9444, -1
9445, -1
9446, -1
9447, -1
9448, -1
9449, -1
9450, -1
9451, -1
9452, -1
9453, -1
9454, -1
9455, -1
9456, -1
9457, 27
9458, 28
9459, 29
9460, 30
9461, -1
9462, -1
9463, -1
9464, 27
9465, 28
9466, 29
9467, 30
9468, -1
9469, -1
9470, -1
9471, 27
9472, 28
9473, 29
9474, 30
9475, -1
9476, -1
9477, -1
9478, 27
9479, 28
9480, 29
9481, 30
9482, -1
9483, -1
9484, -1
9485, -1
9486, -1
9487, -1
9488, -1
9489, -1
9490, -1
9491, -1
9492, -1
9493, -1
9494, -1
9495, -1
9496, -1
9497, -1
9498, -1
9499, -1
9500, -1
9501, -1
9502, -1
9503, -1
9504, -1
9505, -1
9506, 27
9507, 28
9508, 29
9509, 30
9510, -1
9511, -1
9512, -1
9513, 27
9514, 28
9515, 29
9516, 30
9517, -1
9518, -1
9519, -1
9520, 27
9521, 28
9522, 29
9523, 30
9524, -1
9525, -1
9526, -1
9527, 27
9528, 28
9529, 29
9530, 30
9531, -1
9532, -1
9533, -1
9534, -1
9535, -1
9536, -1
9537, -1
9538, -1
9539, -1
9540, -1
9541, -1
9542, -1
9543, -1
9544, -1
9545, -1
9546, -1
9547, -1
9548, -1
9549, -1
9550, -1
9551, -1
9552, -1
9553, -1
9554, -1
9555, 27
9556, 28
9557, 29
9558, 30
9559, -1
9560, -1
9561, -1
9562, 27
9563, 28
9564, 29
9565, 30
9566, -1
9567, -1
9568, -1
9569, 27
9570, 28
9571, 29
9572, 30
9573, -1
9574, -1
9575, -1
9576, 28
9577, 29
9578, 30
9579, -1
9580, -1
9581, -1
9582, -1
9583, -1
9584, -1
9585, -1
9586, -1
9587, -1
9588, -1
9589, -1
9590, -1
9591, -1
9592, -1
9593, -1
9594, -1
9595, -1
9596, -1
9597, -1
9598, -1
9599, -1
9600, -1
9601, -1
9602, -1
9603, -1
9604, 28
9605, 28
9606, 28
9607, 28
9608, 28
9609, 28
9610, 28
9611, 28
9612, 28
9613, 28
9614, 28
9615, 28
9616, 28
9617, 28
9618, 28
9619, 28
9620, 28
9621, 28
9622, 28
9623, 28
9624, 28
9625, 30
9626, 30
9627, -1
9628, -1
9629, -1
9630, -1
9631, -1
9632, -1
9633, -1
9634, -1
9635, -1
9636, -1
9637, -1
9638, -1
9639, -1
9640, -1
9641, -1
9642, -1
9643, -1
9644, -1
9645, -1
9646, -1
9647, -1
9648, -1
9649, -1
9650, -1
9651, -1
9652, -1
9653, 28
9654, 28
9655, 28
9656, 28
9657, 28
9658, 28
9659, 28
9660, 28
9661, 28
9662, 28
9663, 28
9664, 28
9665, 28
9666, 28
9667, 28
9668, 28
9669, 28
9670, 28
9671, 28
9672, 28
9673, 28
9674, 30
9675, 30
9676, -1
9677, -1
9678, -1
9679, -1
9680, -1
9681, -1
9682, -1
9683, -1
9684, -1
9685, -1
9686, -1
9687, -1
9688, -1
9689, -1
9690, -1
9691, -1
9692, -1
9693, -1
9694, -1
9695, -1
9696, -1
9697, -1
9698, -1
9699, -1
9700, -1
9701, -1
9702, 28
9703, 28
9704, 28
9705, 28
9706, 28
9707, 28
9708, 28
9709, 28
9710, 28
9711, 28
9712, 28
9713, 28
9714, 28
9715, 28
9716, 28
9717, 28
9718, 28
9719, 28
9720, 28
9721, 28
9722, 28
9723, 30
9724, 30
9725, -1
9726, -1
9727, -1
9728, -1
9729, -1
9730, -1
9731, -1
9732, -1
9733, -1
9734, -1
9735, -1
9736, -1
9737, -1
9738, -1
9739, -1
9740, -1
9741, -1
9742, -1
9743, -1
9744, -1
9745, -1
9746, -1
9747, -1
9748, -1
9749, -1
9750, -1
9751, 28
9752, 28
9753, 28
9754, 28
9755, 28
9756, 28
9757, 28
9758, 28
9759, 28
9760, 28
9761, 28
9762, 28
9763, 28
9764, 28
9765, 28
9766, 28
9767, 28
9768, 28
9769, 28
9770, 28
9771, 28
9772, 30
9773, 30
9774, -1
9775, -1
9776, -1
9777, -1
9778, -1
9779, -1
9780, -1
9781, -1
9782, -1
9783, -1
9784, -1
9785, -1
9786, -1
9787, -1
9788, -1
9789, -1
9790, -1
9791, -1
9792, -1
9793, -1
9794, -1
9795, -1
9796, -1
9797, -1
9798, -1
9799, -1
9800, 28
9801, 28
9802, 28
9803, 28
9804, 28
9805, 28
9806, 28
9807, 28
9808, 28
9809, 28
9810, 28
9811, 28
9812, 28
9813, 28
9814, 28
9815, 28
9816, 28
9817, 28
9818, 28
9819, 28
9820, 28
9821, 30
9822, 30
9823, -1
9824, -1
9825, -1
9826, -1
9827, -1
9828, -1
9829, -1
9830, -1
9831, -1
9832, -1
9833, -1
9834, -1
9835, -1
9836, -1
9837, -1
9838, -1
9839, -1
9840, -1
9841, -1
9842, -1
9843, -1
9844, -1
9845, -1
9846, -1
9847, -1
9848, -1
9849, 28
9850, 28
9851, 28
9852, 28
9853, 28
9854, 28
9855, 28
9856, 28
9857, 28
9858, 28
9859, 28
9860, 28
9861, 28
9862, 28
9863, 28
9864, 28
9865, 28
9866, 28
9867, 28
9868, 28
9869, 28
9870, 30
9871, 30
9872, -1
9873, -1
9874, -1
9875, -1
9876, -1
9877, -1
9878, -1
9879, -1
9880, -1
9881, -1
9882, -1
9883, -1
9884, -1
9885, -1
9886, -1
9887, -1
9888, -1
9889, -1
9890, -1
9891, -1
9892, -1
9893, -1
9894, -1
9895, -1
9896, -1
9897, -1
9898, 28
9899, 28
9900, 28
9901, 28
9902, 28
9903, 28
9904, 28
9905, 28
9906, 28
9907, 28
9908, 28
9909, 28
9910, 28
9911, 28
9912, 28
9913, 28
9914, 28
9915, 28
9916, 28
9917, 28
9918, 29
9919, -1
9920, -1
9921, -1
9922, -1
9923, -1
9924, -1
9925, -1
9926, -1
9927, -1
9928, -1
9929, -1
9930, -1
9931, -1
9932, -1
9933, -1
9934, -1
9935, -1
9936, -1
9937, -1
9938, -1
9939, -1
9940, -1
9941, -1
9942, -1
9943, -1
9944, -1
9945, -1
9946, -1
9947, 29
9948, 29
9949, 29
9950, 29
9951, 29
9952, 29
9953, 30
9954, 29
9955, 29
9956, 29
9957, 29
9958, 29
9959, 29
9960, 30
9961, 29
9962, 29
9963, 29
9964, 29
9965, 29
9966, 29
9967, -1
9968, -1
9969, -1
9970, -1
9971, -1
9972, -1
9973, -1
9974, -1
9975, -1
9976, -1
9977, -1
9978, -1
9979, -1
9980, -1
9981, -1
9982, -1
9983, -1
9984, -1
9985, -1
9986, -1
9987, -1
9988, -1
9989, -1
9990, -1
9991, -1
9992, -1
9993, -1
9994, -1
9995, -1
9996, 29
9997, 29
9998, 29
9999, 29
10000, 29
10001, 29
10002, 30
10003, 29
10004, 29
10005, 29
10006, 29
10007, 29
10008, 29
10009, 30
10010, 29
10011, 29
10012, 29
10013, 29
10014, 29
10015, 29
10016, -1
10017, -1
10018, -1
10019, -1
10020, -1
10021, -1
10022, -1
10023, -1
10024, -1
10025, -1
10026, -1
10027, -1
10028, -1
10029, -1
10030, -1
10031, -1
10032, -1
10033, -1
10034, -1
10035, -1
10036, -1
10037, -1
10038, -1
10039, -1
10040, -1
10041, -1
10042, -1
10043, -1
10044, -1
10045, 29
10046, 29
10047, 29
10048, 29
10049, 29
10050, 29
10051, 30
10052, 29
10053, 29
10054, 29
10055, 29
10056, 29
10057, 29
10058, 30
10059, 29
10060, 29
10061, 29
10062, 29
10063, 29
10064, 29
10065, -1
10066, -1
10067, -1
10068, -1
10069, -1
10070, -1
10071, -1
10072, -1
10073, -1
10074, -1
10075, -1
10076, -1
10077, -1
10078, -1
10079, -1
10080, -1
10081, -1
10082, -1
10083, -1
10084, -1
10085, -1
10086, -1
10087, -1
10088, -1
10089, -1
10090, -1
10091, -1
10092, -1
10093, -1
10094, 29
10095, 29
10096, 29
10097, 29
10098, 29
10099, 29
10100, 30
10101, 29
10102, 29
10103, 29
10104, 29
10105, 29
10106, 29
10107, 30
10108, 29
10109, 29
10110, 29
10111, 29
10112, 29
10113, 29
10114, -1
10115, -1
10116, -1
10117, -1
10118, -1
10119, -1
10120, -1
10121, -1
10122, -1
10123, -1
10124, -1
10125, -1
10126, -1
10127, -1
10128, -1
10129, -1
10130, -1
10131, -1
10132, -1
10133, -1
10134, -1
10135, -1
10136, -1
10137, -1
10138, -1
10139, -1
10140, -1
10141, -1
10142, -1
10143, 29
10144, 29
10145, 29
10146, 29
10147, 29
10148, 29
10149, 30
10150, 29
10151, 29
10152, 29
10153, 29
10154, 29
10155, 29
10156, 30
10157, 29
10158, 29
10159, 29
10160, 29
10161, 29
10162, 29
10163, -1
10164, -1
10165, -1
10166, -1
10167, -1
10168, -1
10169, -1
10170, -1
10171, -1
10172, -1
10173, -1
10174, -1
10175, -1
10176, -1
10177, -1
10178, -1
10179, -1
10180, -1
10181, -1
10182, -1
10183, -1
10184, -1
10185, -1
10186, -1
10187, -1
10188, -1
10189, -1
10190, -1
10191, -1
10192, 29
10193, 29
10194, 29
10195, 29
10196, 29
10197, 29
10198, 30
10199, 29
10200, 29
10201, 29
10202, 29
10203, 29
10204, 29
10205, 30
10206, 29
10207, 29
10208, 29
10209, 29
10210, 29
10211, 29
10212, -1
10213, -1
10214, -1
10215, -1
10216, -1
10217, -1
10218, -1
10219, -1
10220, -1
10221, -1
10222, -1
10223, -1
10224, -1
10225, -1
10226, -1
10227, -1
10228, -1
10229, -1
10230, -1
10231, -1
10232, -1
10233, -1
10234, -1
10235, -1
10236, -1
10237, -1
10238, -1
10239, -1
10240, -1
10241, 29
10242, 29
10243, 29
10244, 29
10245, 29
10246, 29
10247, 30
10248, 29
10249, 29
10250, 29
10251, 29
10252, 29
10253, 29
10254, 30
10255, 29
10256, 29
10257, 29
10258, 29
10259, 29
10260, 30
10261, -1
10262, -1
10263, -1
10264, -1
10265, -1
10266, -1
10267, -1
10268, -1
10269, -1
10270, -1
10271, -1
10272, -1
10273, -1
10274, -1
10275, -1
10276, -1
10277, -1
10278, -1
10279, -1
10280, -1
10281, -1
10282, -1
10283, -1
10284, -1
10285, -1
10286, -1
10287, -1
10288, -1
10289, -1
10290, 30
10291, 30
10292, 30
10293, 30
10294, 30
10295, -1
10296, -1
10297, 30
10298, 30
10299, 30
10300, 30
10301, 30
10302, -1
10303, -1
10304, 30
10305, 30
10306, 30
10307, 30
10308, 30
10309, -1
10310, -1
10311, -1
10312, -1
10313, -1
10314, -1
10315, -1
10316, -1
10317, -1
10318, -1
10319, -1
10320, -1
10321, -1
10322, -1
10323, -1
10324, -1
10325, -1
10326, -1
10327, -1
10328, -1
10329, -1
10330, -1
10331, -1
10332, -1
10333, -1
10334, -1
10335, -1
10336, -1
10337, -1
10338, -1
10339, 30
10340, 30
10341, 30
10342, 30
10343, 30
10344, -1
10345, -1
10346, 30
10347, 30
10348, 30
10349, 30
10350, 30
10351, -1
10352, -1
10353, 30
10354, 30
10355, 30
10356, 30
10357, 30
10358, -1
10359, -1
10360, -1
10361, -1
10362, -1
10363, -1
10364, -1
10365, -1
10366, -1
10367, -1
10368, -1
10369, -1
10370, -1
10371, -1
10372, -1
10373, -1
10374, -1
10375, -1
10376, -1
10377, -1
10378, -1
10379, -1
10380, -1
10381, -1
10382, -1
10383, -1
10384, -1
10385, -1
10386, -1
10387, -1
10388, 30
10389, 30
10390, 30
10391, 30
10392, 30
10393, -1
10394, -1
10395, 30
10396, 30
10397, 30
10398, 30
10399, 30
10400, -1
10401, -1
10402, 30
10403, 30
10404, 30
10405, 30
10406, 30
10407, -1
10408, -1
10409, -1
10410, -1
10411, -1
10412, -1
10413, -1
10414, -1
10415, -1
10416, -1
10417, -1
10418, -1
10419, -1
10420, -1
10421, -1
10422, -1
10423, -1
10424, -1
10425, -1
10426, -1
10427, -1
10428, -1
10429, -1
10430, -1
10431, -1
10432, -1
10433, -1
10434, -1
10435, -1
10436, -1
10437, 30
10438, 30
10439, 30
10440, 30
10441, 30
10442, -1
10443, -1
10444, 30
10445, 30
10446, 30
10447, 30
10448, 30
10449, -1
10450, -1
10451, 30
10452, 30
10453, 30
10454, 30
10455, 30
10456, -1
10457, -1
10458, -1
10459, -1
10460, -1
10461, -1
10462, -1
10463, -1
10464, -1
10465, -1
10466, -1
10467, -1
10468, -1
10469, -1
10470, -1
10471, -1
10472, -1
10473, -1
10474, -1
10475, -1
10476, -1
10477, -1
10478, -1
10479, -1
10480, -1
10481, -1
10482, -1
10483, -1
10484, -1
10485, -1
10486, 30
10487, 30
10488, 30
10489, 30
10490, 30
10491, -1
10492, -1
10493, 30
10494, 30
10495, 30
10496, 30
10497, 30
10498, -1
10499, -1
10500, 30
10501, 30
10502, 30
10503, 30
10504, 30
10505, -1
10506, -1
10507, -1
10508, -1
10509, -1
10510, -1
10511, -1
10512, -1
10513, -1
10514, -1
10515, -1
10516, -1
10517, -1
10518, -1
10519, -1
10520, -1
10521, -1
10522, -1
10523, -1
10524, -1
10525, -1
10526, -1
10527, -1
10528, -1
10529, -1
10530, -1
10531, -1
10532, -1
10533, -1
10534, -1
10535, 30
10536, 30
10537, 30
10538, 30
10539, 30
10540, -1
10541, -1
10542, 30
10543, 30
10544, 30
10545, 30
10546, 30
10547, -1
10548, -1
10549, 30
10550, 30
10551, 30
10552, 30
10553, 30
10554, -1
10555, -1
10556, -1
10557, -1
10558, -1
10559, -1
10560, -1
10561, -1
10562, -1
10563, -1
10564, -1
10565, -1
10566, -1
10567, -1
10568, -1
10569, -1
10570, -1
10571, -1
10572, -1
10573, -1
10574, -1
10575, -1
10576, -1
10577, -1
10578, -1
10579, -1
10580, -1
10581, -1
10582, -1
10583, -1
10584, 30
10585, 30
10586, 30
10587, 30
10588, 30
10589, -1
10590, -1
10591, 30
10592, 30
10593, 30
10594, 30
10595, 30
10596, -1
10597, -1
10598, 30
10599, 30
10600, 30
10601, 30
