x, n0
0, 0
1, 0
2, 0
3, 0
4, 0
5, 0
6, 0
7, 0
8, 0
9, 0
10, 0
11, 0
12, 0
13, 0
14, 0
15, 0
16, 0
17, 0
18, 1
19, 1
20, 1
21, 1
22, 1
23, 1
24, 1
25, 1
26, 1
27, 1
28, 1
29, 1
30, 1
31, 1
32, 1
33, 1
34, 1
35, 1
36, 2
37, 3
38, 2
39, 2
40, 2
41, 2
42, 2
43, 2
44, 2
45, 2
46, 2
47, 2
48, 2
49, 2
50, 2
51, 2
52, 2
53, 2
54, 3
55, 4
56, 5
57, 3
58, 3
59, 3
60, 3
61, 3
62, 3
63, 3
64, 3
65, 3
66, 3
67, 3
68, 3
69, 3
70, 3
71, 3
72, 4
73, 5
74, 6
75, 7
76, 4
77, 4
78, 4
79, 4
80, 4
81, 4
82, 4
83, 4
84, 4
85, 4
86, 4
87, 4
88, 4
89, 4
90, 5
91, 6
92, 7
93, 8
94, 9
95, 5
96, 5
97, 5
98, 5
99, 5
100, 5
101, 5
102, 5
103, 5
104, 5
105, 5
106, 5
107, 5
108, 6
109, 7
110, 8
111, 9
112, 10
113, 11
114, 6
115, 6
116, 6
117, 6
118, 6
119, 6
120, 6
121, 6
122, 6
123, 6
124, 6
125, 6
126, 7
127, 8
128, 9
129, 10
130, 11
131, 12
132, 13
133, 7
134, 7
135, 7
136, 7
137, 7
138, 7
139, 7
140, 7
141, 7
142, 7
143, 7
144, 8
145, 9
146, 10
147, 11
148, 12
149, 13
150, 14
151, 15
152, 8
153, 8
154, 8
155, 8
156, 8
157, 8
158, 8
159, 8
160, 8
161, 8
162, 9
163, 10
164, 11
165, 12
166, 13
167, 14
168, 15
169, 16
170, 17
171, 9
172, 9
173, 9
174, 9
175, 9
176, 9
177, 9
178, 9
179, 9
180, 10
181, 11
182, 12
183, 13
184, 14
185, 15
186, 16
187, 17
188, 18
189, 19
190, 10
191, 10
192, 10
193, 10
194, 10
195, 10
196, 10
197, 10
198, 11
199, 12
200, 13
201, 14
202, 15
203, 16
204, 17
205, 18
206, 19
207, 20
208, 21
209, 11
210, 11
211, 11
212, 11
213, 11
214, 11
215, 11
216, 12
217, 13
218, 14
219, 15
220, 16
221, 17
222, 18
223, 19
224, 20
225, 21
226, 22
227, 23
228, 12
229, 12
230, 12
231, 12
232, 12
233, 12
234, 13
235, 14
236, 15
237, 16
238, 17
239, 18
240, 19
241, 20
242, 21
243, 22
244, 23
245, 24
246, 25
247, 13
248, 13
249, 13
250, 13
251, 13
252, 14
253, 15
254, 16
255, 17
256, 18
257, 19
258, 20
259, 21
260, 22
261, 23
262, 24
263, 25
264, 26
265, 27
266, 14
267, 14
268, 14
269, 14
270, 15
271, 16
272, 17
273, 18
274, 19
275, 20
276, 21
277, 22
278, 23
279, 24
280, 25
281, 26
282, 27
283, 28
284, 29
285, 15
286, 15
287, 15
288, 16
289, 17
290, 18
291, 19
292, 20
293, 21
294, 22
295, 23
296, 24
297, 25
298, 26
299, 27
300, 28
301, 29
302, 30
303, 31
304, 16
305, 16
306, 17
307, 18
308, 19
309, 20
310, 21
311, 22
312, 23
313, 24
314, 25
315, 26
316, 27
317, 28
318, 29
319, 30
320, 31
321, 32
322, 33
323, 17
324, 18
325, 19
326, 20
327, 21
328, 22
329, 23
330, 24
331, 25
332, 26
333, 27
334, 28
335, 29
336, 30
337, 31
338, 32
339, 33
340, 34
341, 35
342, 19
343, 20
344, 21
345, 22
346, 23
347, 24
348, 25
349, 26
350, 27
351, 28
352, 29
353, 30
354, 31
355, 32
356, 33
357, 34
358, 35
359, 36
360, 38
361, 20
362, 20
363, 20
364, 20
365, 20
366, 20
367, 20
368, 20
369, 20
370, 20
371, 20
372, 20
373, 20
374, 20
375, 20
376, 20
377, 20
378, 21
379, 22
380, 21
381, 21
382, 21
383, 21
384, 21
385, 21
386, 21
387, 21
388, 21
389, 21
390, 21
391, 21
392, 21
393, 21
394, 21
395, 21
396, 22
397, 23
398, 24
399, 22
400, 22
401, 22
402, 22
403, 22
404, 22
405, 22
406, 22
407, 22
408, 22
409, 22
410, 22
411, 22
412, 22
413, 22
414, 23
415, 24
416, 25
417, 26
418, 23
419, 23
420, 23
421, 23
422, 23
423, 23
424, 23
425, 23
426, 23
427, 23
428, 23
429, 23
430, 23
431, 23
432, 24
433, 25
434, 26
435, 27
436, 28
437, 24
438, 24
439, 24
440, 24
441, 24
442, 24
443, 24
444, 24
445, 24
446, 24
447, 24
448, 24
449, 24
450, 25
451, 26
452, 27
453, 28
454, 29
455, 30
456, 25
457, 25
458, 25
459, 25
460, 25
461, 25
462, 25
463, 25
464, 25
465, 25
466, 25
467, 25
468, 26
469, 27
470, 28
471, 29
472, 30
473, 31
474, 32
475, 26
476, 26
477, 26
478, 26
479, 26
480, 26
481, 26
482, 26
483, 26
484, 26
485, 26
486, 27
487, 28
488, 29
489, 30
490, 31
491, 32
492, 33
493, 34
494, 27
495, 27
496, 27
497, 27
498, 27
499, 27
500, 27
501, 27
502, 27
503, 27
504, 28
505, 29
506, 30
507, 31
508, 32
509, 33
510, 34
511, 35
512, 36
513, 28
514, 28
515, 28
516, 28
517, 28
518, 28
519, 28
520, 28
521, 28
522, 29
523, 30
524, 31
525, 32
526, 33
527, 34
528, 35
529, 36
530, 37
531, 38
532, 29
533, 29
534, 29
535, 29
536, 29
537, 29
538, 29
539, 29
540, 30
541, 31
542, 32
543, 33
544, 34
545, 35
546, 36
547, 37
548, 38
549, 39
550, 40
551, 30
552, 30
553, 30
554, 30
555, 30
556, 30
557, 30
558, 31
559, 32
560, 33
561, 34
562, 35
563, 36
564, 37
565, 38
566, 39
567, 40
568, 41
569, 42
570, 31
571, 31
572, 31
573, 31
574, 31
575, 31
576, 32
577, 33
578, 34
579, 35
580, 36
581, 37
582, 38
583, 39
584, 40
585, 41
586, 42
587, 43
588, 44
589, 32
590, 32
591, 32
592, 32
593, 32
594, 33
595, 34
596, 35
597, 36
598, 37
599, 38
600, 39
601, 40
602, 41
603, 42
604, 43
605, 44
606, 45
607, 46
608, 33
609, 33
610, 33
611, 33
612, 34
613, 35
614, 36
615, 37
616, 38
617, 39
618, 40
619, 41
620, 42
621, 43
622, 44
623, 45
624, 46
625, 47
626, 48
627, 34
628, 34
629, 34
630, 35
631, 36
632, 37
633, 38
634, 39
635, 40
636, 41
637, 42
638, 43
639, 44
640, 45
641, 46
642, 47
643, 48
644, 49
645, 50
646, 35
647, 35
648, 36
649, 37
650, 38
651, 39
652, 40
653, 41
654, 42
655, 43
656, 44
657, 45
658, 46
659, 47
660, 48
661, 49
662, 50
663, 51
664, 52
665, 36
666, 37
667, 38
668, 39
669, 40
670, 41
671, 42
672, 43
673, 44
674, 45
675, 46
676, 47
677, 48
678, 49
679, 50
680, 51
681, 52
682, 53
683, 54
684, 38
685, 39
686, 40
687, 41
688, 42
689, 43
690, 44
691, 45
692, 46
693, 47
694, 48
695, 49
696, 50
697, 51
698, 52
699, 53
700, 54
701, 55
702, 57
703, 77
704, 78
705, 79
706, 80
707, 81
708, 82
709, 83
710, 84
711, 85
712, 86
713, 87
714, 88
715, 89
716, 90
717, 91
718, 92
719, 93
720, 94
721, 96
722, 40
723, 40
724, 40
725, 40
726, 40
727, 40
728, 40
729, 40
730, 40
731, 40
732, 40
733, 40
734, 40
735, 40
736, 40
737, 40
738, 41
739, 42
740, 43
741, 41
742, 41
743, 41
744, 41
745, 41
746, 41
747, 41
748, 41
749, 41
750, 41
751, 41
752, 41
753, 41
754, 41
755, 41
756, 42
757, 43
758, 44
759, 45
760, 42
761, 42
762, 42
763, 42
764, 42
765, 42
766, 42
767, 42
768, 42
769, 42
770, 42
771, 42
772, 42
773, 42
774, 43
775, 44
776, 45
777, 46
778, 47
779, 43
780, 43
781, 43
782, 43
783, 43
784, 43
785, 43
786, 43
787, 43
788, 43
789, 43
790, 43
791, 43
792, 44
793, 45
794, 46
795, 47
796, 48
797, 49
798, 44
799, 44
800, 44
801, 44
802, 44
803, 44
804, 44
805, 44
806, 44
807, 44
808, 44
809, 44
810, 45
811, 46
812, 47
813, 48
814, 49
815, 50
816, 51
817, 45
818, 45
819, 45
820, 45
821, 45
822, 45
823, 45
824, 45
825, 45
826, 45
827, 45
828, 46
829, 47
830, 48
831, 49
832, 50
833, 51
834, 52
835, 53
836, 46
837, 46
838, 46
839, 46
840, 46
841, 46
842, 46
843, 46
844, 46
845, 46
846, 47
847, 48
848, 49
849, 50
850, 51
851, 52
852, 53
853, 54
854, 55
855, 47
856, 47
857, 47
858, 47
859, 47
860, 47
861, 47
862, 47
863, 47
864, 48
865, 49
866, 50
867, 51
868, 52
869, 53
870, 54
871, 55
872, 56
873, 57
874, 48
875, 48
876, 48
877, 48
878, 48
879, 48
880, 48
881, 48
882, 49
883, 50
884, 51
885, 52
886, 53
887, 54
888, 55
889, 56
890, 57
891, 58
892, 59
893, 49
894, 49
895, 49
896, 49
897, 49
898, 49
899, 49
900, 50
901, 51
902, 52
903, 53
904, 54
905, 55
906, 56
907, 57
908, 58
909, 59
910, 60
911, 61
912, 50
913, 50
914, 50
915, 50
916, 50
917, 50
918, 51
919, 52
920, 53
921, 54
922, 55
923, 56
924, 57
925, 58
926, 59
927, 60
928, 61
929, 62
930, 63
931, 51
932, 51
933, 51
934, 51
935, 51
936, 52
937, 53
938, 54
939, 55
940, 56
941, 57
942, 58
943, 59
944, 60
945, 61
946, 62
947, 63
948, 64
949, 65
950, 52
951, 52
952, 52
953, 52
954, 53
955, 54
956, 55
957, 56
958, 57
959, 58
960, 59
961, 60
962, 61
963, 62
964, 63
965, 64
966, 65
967, 66
968, 67
969, 53
970, 53
971, 53
972, 54
973, 55
974, 56
975, 57
976, 58
977, 59
978, 60
979, 61
980, 62
981, 63
982, 64
983, 65
984, 66
985, 67
986, 68
987, 69
988, 54
989, 54
990, 55
991, 56
992, 57
993, 58
994, 59
995, 60
996, 61
997, 62
998, 63
999, 64
1000, 65
1001, 66
1002, 67
1003, 68
1004, 69
1005, 70
1006, 71
1007, 55
1008, 56
1009, 57
1010, 58
1011, 59
1012, 60
1013, 61
1014, 62
1015, 63
1016, 64
1017, 65
1018, 66
1019, 67
1020, 68
1021, 69
1022, 70
1023, 71
1024, 72
1025, 73
1026, 57
1027, 58
1028, 59
1029, 60
1030, 61
1031, 62
1032, 63
1033, 64
1034, 65
1035, 66
1036, 67
1037, 68
1038, 69
1039, 70
1040, 71
1041, 72
1042, 73
1043, 74
1044, 76
1045, 96
1046, 97
1047, 98
1048, 99
1049, 100
1050, 101
1051, 102
1052, 103
1053, 104
1054, 105
1055, 106
1056, 107
1057, 108
1058, 109
1059, 110
1060, 111
1061, 112
1062, 113
1063, 115
1064, 134
1065, 135
1066, 136
1067, 137
1068, 138
1069, 139
1070, 140
1071, 141
1072, 142
1073, 143
1074, 144
1075, 145
1076, 146
1077, 147
1078, 148
1079, 148
1080, 150
1081, 152
1082, 154
1083, 60
1084, 60
1085, 60
1086, 60
1087, 60
1088, 60
1089, 60
1090, 60
1091, 60
1092, 60
1093, 60
1094, 60
1095, 60
1096, 60
1097, 60
1098, 61
1099, 62
1100, 63
1101, 64
1102, 61
1103, 61
1104, 61
1105, 61
1106, 61
1107, 61
1108, 61
1109, 61
1110, 61
1111, 61
1112, 61
1113, 61
1114, 61
1115, 61
1116, 62
1117, 63
1118, 64
1119, 65
1120, 66
1121, 62
1122, 62
1123, 62
1124, 62
1125, 62
1126, 62
1127, 62
1128, 62
1129, 62
1130, 62
1131, 62
1132, 62
1133, 62
1134, 63
1135, 64
1136, 65
1137, 66
1138, 67
1139, 68
1140, 63
1141, 63
1142, 63
1143, 63
1144, 63
1145, 63
1146, 63
1147, 63
1148, 63
1149, 63
1150, 63
1151, 63
1152, 64
1153, 65
1154, 66
1155, 67
1156, 68
1157, 69
1158, 70
1159, 64
1160, 64
1161, 64
1162, 64
1163, 64
1164, 64
1165, 64
1166, 64
1167, 64
1168, 64
1169, 64
1170, 65
1171, 66
1172, 67
1173, 68
1174, 69
1175, 70
1176, 71
1177, 72
1178, 65
1179, 65
1180, 65
1181, 65
1182, 65
1183, 65
1184, 65
1185, 65
1186, 65
1187, 65
1188, 66
1189, 67
1190, 68
1191, 69
1192, 70
1193, 71
1194, 72
1195, 73
1196, 74
1197, 66
1198, 66
1199, 66
1200, 66
1201, 66
1202, 66
1203, 66
1204, 66
1205, 66
1206, 67
1207, 68
1208, 69
1209, 70
1210, 71
1211, 72
1212, 73
1213, 74
1214, 75
1215, 76
1216, 67
1217, 67
1218, 67
1219, 67
1220, 67
1221, 67
1222, 67
1223, 67
1224, 68
1225, 69
1226, 70
1227, 71
1228, 72
1229, 73
1230, 74
1231, 75
1232, 76
1233, 77
1234, 78
1235, 68
1236, 68
1237, 68
1238, 68
1239, 68
1240, 68
1241, 68
1242, 69
1243, 70
1244, 71
1245, 72
1246, 73
1247, 74
1248, 75
1249, 76
1250, 77
1251, 78
1252, 79
1253, 80
1254, 69
1255, 69
1256, 69
1257, 69
1258, 69
1259, 69
1260, 70
1261, 71
1262, 72
1263, 73
1264, 74
1265, 75
1266, 76
1267, 77
1268, 78
1269, 79
1270, 80
1271, 81
1272, 82
1273, 70
1274, 70
1275, 70
1276, 70
1277, 70
1278, 71
1279, 72
1280, 73
1281, 74
1282, 75
1283, 76
1284, 77
1285, 78
1286, 79
1287, 80
1288, 81
1289, 82
1290, 83
1291, 84
1292, 71
1293, 71
1294, 71
1295, 71
1296, 72
1297, 73
1298, 74
1299, 75
1300, 76
1301, 77
1302, 78
1303, 79
1304, 80
1305, 81
1306, 82
1307, 83
1308, 84
1309, 85
1310, 86
1311, 72
1312, 72
1313, 72
1314, 73
1315, 74
1316, 75
1317, 76
1318, 77
1319, 78
1320, 79
1321, 80
1322, 81
1323, 82
1324, 83
1325, 84
1326, 85
1327, 86
1328, 87
1329, 88
1330, 73
1331, 73
1332, 74
1333, 75
1334, 76
1335, 77
1336, 78
1337, 79
1338, 80
1339, 81
1340, 82
1341, 83
1342, 84
1343, 85
1344, 86
1345, 87
1346, 88
1347, 89
1348, 90
1349, 74
1350, 75
1351, 76
1352, 77
1353, 78
1354, 79
1355, 80
1356, 81
1357, 82
1358, 83
1359, 84
1360, 85
1361, 86
1362, 87
1363, 88
1364, 89
1365, 90
1366, 91
1367, 92
1368, 76
1369, 77
1370, 78
1371, 79
1372, 80
1373, 81
1374, 82
1375, 83
1376, 84
1377, 85
1378, 86
1379, 87
1380, 88
1381, 89
1382, 90
1383, 91
1384, 92
1385, 93
1386, 95
1387, 115
1388, 116
1389, 117
1390, 118
1391, 119
1392, 120
1393, 121
1394, 122
1395, 123
1396, 124
1397, 125
1398, 126
1399, 127
1400, 128
1401, 129
1402, 130
1403, 131
1404, 132
1405, 134
1406, 153
1407, 154
1408, 155
1409, 156
1410, 157
1411, 158
1412, 159
1413, 160
1414, 161
1415, 162
1416, 163
1417, 164
1418, 165
1419, 166
1420, 167
1421, 167
1422, 169
1423, 171
1424, 173
1425, 191
1426, 192
1427, 193
1428, 194
1429, 195
1430, 196
1431, 197
1432, 198
1433, 199
1434, 200
1435, -1
1436, -1
1437, -1
1438, -1
1439, -1
1440, -1
1441, -1
1442, -1
1443, -1
1444, 80
1445, 80
1446, 80
1447, 80
1448, 80
1449, 80
1450, 80
1451, 80
1452, 80
1453, 80
1454, 80
1455, 80
1456, 80
1457, 80
1458, 81
1459, 82
1460, 83
1461, 84
1462, 85
1463, 81
1464, 81
1465, 81
1466, 81
1467, 81
1468, 81
1469, 81
1470, 81
1471, 81
1472, 81
1473, 81
1474, 81
1475, 81
1476, 82
1477, 83
1478, 84
1479, 85
1480, 86
1481, 87
1482, 82
1483, 82
1484, 82
1485, 82
1486, 82
1487, 82
1488, 82
1489, 82
1490, 82
1491, 82
1492, 82
1493, 82
1494, 83
1495, 84
1496, 85
1497, 86
1498, 87
1499, 88
1500, 89
1501, 83
1502, 83
1503, 83
1504, 83
1505, 83
1506, 83
1507, 83
1508, 83
1509, 83
1510, 83
1511, 83
1512, 84
1513, 85
1514, 86
1515, 87
1516, 88
1517, 89
1518, 90
1519, 91
1520, 84
1521, 84
1522, 84
1523, 84
1524, 84
1525, 84
1526, 84
1527, 84
1528, 84
1529, 84
1530, 85
1531, 86
1532, 87
1533, 88
1534, 89
1535, 90
1536, 91
1537, 92
1538, 93
1539, 85
1540, 85
1541, 85
1542, 85
1543, 85
1544, 85
1545, 85
1546, 85
1547, 85
1548, 86
1549, 87
1550, 88
1551, 89
1552, 90
1553, 91
1554, 92
1555, 93
1556, 94
1557, 95
1558, 86
1559, 86
1560, 86
1561, 86
1562, 86
1563, 86
1564, 86
1565, 86
1566, 87
1567, 88
1568, 89
1569, 90
1570, 91
1571, 92
1572, 93
1573, 94
1574, 95
1575, 96
1576, 97
1577, 87
1578, 87
1579, 87
1580, 87
1581, 87
1582, 87
1583, 87
1584, 88
1585, 89
1586, 90
1587, 91
1588, 92
1589, 93
1590, 94
1591, 95
1592, 96
1593, 97
1594, 98
1595, 99
1596, 88
1597, 88
1598, 88
1599, 88
1600, 88
1601, 88
1602, 89
1603, 90
1604, 91
1605, 92
1606, 93
1607, 94
1608, 95
1609, 96
1610, 97
1611, 98
1612, 99
1613, 100
1614, 101
1615, 89
1616, 89
1617, 89
1618, 89
1619, 89
1620, 90
1621, 91
1622, 92
1623, 93
1624, 94
1625, 95
1626, 96
1627, 97
1628, 98
1629, 99
1630, 100
1631, 101
1632, 102
1633, 103
1634, 90
1635, 90
1636, 90
1637, 90
1638, 91
1639, 92
1640, 93
1641, 94
1642, 95
1643, 96
1644, 97
1645, 98
1646, 99
1647, 100
1648, 101
1649, 102
1650, 103
1651, 104
1652, 105
1653, 91
1654, 91
1655, 91
1656, 92
1657, 93
1658, 94
1659, 95
1660, 96
1661, 97
1662, 98
1663, 99
1664, 100
1665, 101
1666, 102
1667, 103
1668, 104
1669, 105
1670, 106
1671, 107
1672, 92
1673, 92
1674, 93
1675, 94
1676, 95
1677, 96
1678, 97
1679, 98
1680, 99
1681, 100
1682, 101
1683, 102
1684, 103
1685, 104
1686, 105
1687, 106
1688, 107
1689, 108
1690, 109
1691, 93
1692, 94
1693, 95
1694, 96
1695, 97
1696, 98
1697, 99
1698, 100
1699, 101
1700, 102
1701, 103
1702, 104
1703, 105
1704, 106
1705, 107
1706, 108
1707, 109
1708, 110
1709, 111
1710, 95
1711, 96
1712, 97
1713, 98
1714, 99
1715, 100
1716, 101
1717, 102
1718, 103
1719, 104
1720, 105
1721, 106
1722, 107
1723, 108
1724, 109
1725, 110
1726, 111
1727, 112
1728, 114
1729, 134
1730, 135
1731, 136
1732, 137
1733, 138
1734, 139
1735, 140
1736, 141
1737, 142
1738, 143
1739, 144
1740, 145
1741, 146
1742, 147
1743, 148
1744, 149
1745, 150
1746, 151
1747, 153
1748, 172
1749, 173
1750, 174
1751, 175
1752, 176
1753, 177
1754, 178
1755, 179
1756, 180
1757, 181
1758, 182
1759, 183
1760, 184
1761, 185
1762, 186
1763, 186
1764, 188
1765, 190
1766, 192
1767, -1
1768, -1
1769, -1
1770, -1
1771, -1
1772, -1
1773, -1
1774, -1
1775, -1
1776, -1
1777, -1
1778, -1
1779, -1
1780, -1
1781, -1
1782, -1
1783, -1
1784, -1
1785, -1
1786, -1
1787, -1
1788, -1
1789, -1
1790, -1
1791, -1
1792, -1
1793, -1
1794, -1
1795, -1
1796, -1
1797, -1
1798, -1
1799, -1
1800, -1
1801, -1
1802, -1
1803, -1
1804, -1
1805, 100
1806, 100
1807, 100
1808, 100
1809, 100
1810, 100
1811, 100
1812, 100
1813, 100
1814, 100
1815, 100
1816, 100
1817, 100
1818, 101
1819, 102
1820, 103
1821, 104
1822, 105
1823, 106
1824, 101
1825, 101
1826, 101
1827, 101
1828, 101
1829, 101
1830, 101
1831, 101
1832, 101
1833, 101
1834, 101
1835, 101
1836, 102
1837, 103
1838, 104
1839, 105
1840, 106
1841, 107
1842, 108
1843, 102
1844, 102
1845, 102
1846, 102
1847, 102
1848, 102
1849, 102
1850, 102
1851, 102
1852, 102
1853, 102
1854, 103
1855, 104
1856, 105
1857, 106
1858, 107
1859, 108
1860, 109
1861, 110
1862, 103
1863, 103
1864, 103
1865, 103
1866, 103
1867, 103
1868, 103
1869, 103
1870, 103
1871, 103
1872, 104
1873, 105
1874, 106
1875, 107
1876, 108
1877, 109
1878, 110
1879, 111
1880, 112
1881, 104
1882, 104
1883, 104
1884, 104
1885, 104
1886, 104
1887, 104
1888, 104
1889, 104
1890, 105
1891, 106
1892, 107
1893, 108
1894, 109
1895, 110
1896, 111
1897, 112
1898, 113
1899, 114
1900, 105
1901, 105
1902, 105
1903, 105
1904, 105
1905, 105
1906, 105
1907, 105
1908, 106
1909, 107
1910, 108
1911, 109
1912, 110
1913, 111
1914, 112
1915, 113
1916, 114
1917, 115
1918, 116
1919, 106
1920, 106
1921, 106
1922, 106
1923, 106
1924, 106
1925, 106
1926, 107
1927, 108
1928, 109
1929, 110
1930, 111
1931, 112
1932, 113
1933, 114
1934, 115
1935, 116
1936, 117
1937, 118
1938, 107
1939, 107
1940, 107
1941, 107
1942, 107
1943, 107
1944, 108
1945, 109
1946, 110
1947, 111
1948, 112
1949, 113
1950, 114
1951, 115
1952, 116
1953, 117
1954, 118
1955, 119
1956, 120
1957, 108
1958, 108
1959, 108
1960, 108
1961, 108
1962, 109
1963, 110
1964, 111
1965, 112
1966, 113
1967, 114
1968, 115
1969, 116
1970, 117
1971, 118
1972, 119
1973, 120
1974, 121
1975, 122
1976, 109
1977, 109
1978, 109
1979, 109
1980, 110
1981, 111
1982, 112
1983, 113
1984, 114
1985, 115
1986, 116
1987, 117
1988, 118
1989, 119
1990, 120
1991, 121
1992, 122
1993, 123
1994, 124
1995, 110
1996, 110
1997, 110
1998, 111
1999, 112
2000, 113
2001, 114
2002, 115
2003, 116
2004, 117
2005, 118
2006, 119
2007, 120
2008, 121
2009, 122
2010, 123
2011, 124
2012, 125
2013, 126
2014, 111
2015, 111
2016, 112
2017, 113
2018, 114
2019, 115
2020, 116
2021, 117
2022, 118
2023, 119
2024, 120
2025, 121
2026, 122
2027, 123
2028, 124
2029, 125
2030, 126
2031, 127
2032, 128
2033, 112
2034, 113
2035, 114
2036, 115
2037, 116
2038, 117
2039, 118
2040, 119
2041, 120
2042, 121
2043, 122
2044, 123
2045, 124
2046, 125
2047, 126
2048, 127
2049, 128
2050, 129
2051, 130
2052, 114
2053, 115
2054, 116
2055, 117
2056, 118
2057, 119
2058, 120
2059, 121
2060, 122
2061, 123
2062, 124
2063, 125
2064, 126
2065, 127
2066, 128
2067, 129
2068, 130
2069, 131
2070, 133
2071, 153
2072, 154
2073, 155
2074, 156
2075, 157
2076, 158
2077, 159
2078, 160
2079, 161
2080, 162
2081, 163
2082, 164
2083, 165
2084, 166
2085, 167
2086, 168
2087, 169
2088, 170
2089, 172
2090, 191
2091, 192
2092, 193
2093, 194
2094, 195
2095, 196
2096, 197
2097, 198
2098, 199
2099, 200
2100, -1
2101, -1
2102, -1
2103, -1
2104, -1
2105, -1
2106, -1
2107, -1
2108, -1
2109, -1
2110, -1
2111, -1
2112, -1
2113, -1
2114, -1
2115, -1
2116, -1
2117, -1
2118, -1
2119, -1
2120, -1
2121, -1
2122, -1
2123, -1
2124, -1
2125, -1
2126, -1
2127, -1
2128, -1
2129, -1
2130, -1
2131, -1
2132, -1
2133, -1
2134, -1
2135, -1
2136, -1
2137, -1
2138, -1
2139, -1
2140, -1
2141, -1
2142, -1
2143, -1
2144, -1
2145, -1
2146, -1
2147, -1
2148, -1
2149, -1
2150, -1
2151, -1
2152, -1
2153, -1
2154, -1
2155, -1
2156, -1
2157, -1
2158, -1
2159, -1
2160, -1
2161, -1
2162, -1
2163, -1
2164, -1
2165, -1
2166, 120
2167, 120
2168, 120
2169, 120
2170, 120
2171, 120
2172, 120
2173, 120
2174, 120
2175, 120
2176, 120
2177, 120
2178, 121
2179, 122
2180, 123
2181, 124
2182, 125
2183, 126
2184, 127
2185, 121
2186, 121
2187, 121
2188, 121
2189, 121
2190, 121
2191, 121
2192, 121
2193, 121
2194, 121
2195, 121
2196, 122
2197, 123
2198, 124
2199, 125
2200, 126
2201, 127
2202, 128
2203, 129
2204, 122
2205, 122
2206, 122
2207, 122
2208, 122
2209, 122
2210, 122
2211, 122
2212, 122
2213, 122
2214, 123
2215, 124
2216, 125
2217, 126
2218, 127
2219, 128
2220, 129
2221, 130
2222, 131
2223, 123
2224, 123
2225, 123
2226, 123
2227, 123
2228, 123
2229, 123
2230, 123
2231, 123
2232, 124
2233, 125
2234, 126
2235, 127
2236, 128
2237, 129
2238, 130
2239, 131
2240, 132
2241, 133
2242, 124
2243, 124
2244, 124
2245, 124
2246, 124
2247, 124
2248, 124
2249, 124
2250, 125
2251, 126
2252, 127
2253, 128
2254, 129
2255, 130
2256, 131
2257, 132
2258, 133
2259, 134
2260, 135
2261, 125
2262, 125
2263, 125
2264, 125
2265, 125
2266, 125
2267, 125
2268, 126
2269, 127
2270, 128
2271, 129
2272, 130
2273, 131
2274, 132
2275, 133
2276, 134
2277, 135
2278, 136
2279, 137
2280, 126
2281, 126
2282, 126
2283, 126
2284, 126
2285, 126
2286, 127
2287, 128
2288, 129
2289, 130
2290, 131
2291, 132
2292, 133
2293, 134
2294, 135
2295, 136
2296, 137
2297, 138
2298, 139
2299, 127
2300, 127
2301, 127
2302, 127
2303, 127
2304, 128
2305, 129
2306, 130
2307, 131
2308, 132
2309, 133
2310, 134
2311, 135
2312, 136
2313, 137
2314, 138
2315, 139
2316, 140
2317, 141
2318, 128
2319, 128
2320, 128
2321, 128
2322, 129
2323, 130
2324, 131
2325, 132
2326, 133
2327, 134
2328, 135
2329, 136
2330, 137
2331, 138
2332, 139
2333, 140
2334, 141
2335, 142
2336, 143
2337, 129
2338, 129
2339, 129
2340, 130
2341, 131
2342, 132
2343, 133
2344, 134
2345, 135
2346, 136
2347, 137
2348, 138
2349, 139
2350, 140
2351, 141
2352, 142
2353, 143
2354, 144
2355, 145
2356, 130
2357, 130
2358, 131
2359, 132
2360, 133
2361, 134
2362, 135
2363, 136
2364, 137
2365, 138
2366, 139
2367, 140
2368, 141
2369, 142
2370, 143
2371, 144
2372, 145
2373, 146
2374, 147
2375, 131
2376, 132
2377, 133
2378, 134
2379, 135
2380, 136
2381, 137
2382, 138
2383, 139
2384, 140
2385, 141
2386, 142
2387, 143
2388, 144
2389, 145
2390, 146
2391, 147
2392, 148
2393, 149
2394, 133
2395, 134
2396, 135
2397, 136
2398, 137
2399, 138
2400, 139
2401, 140
2402, 141
2403, 142
2404, 143
2405, 144
2406, 145
2407, 146
2408, 147
2409, 148
2410, 149
2411, 150
2412, 152
2413, 172
2414, 173
2415, 174
2416, 175
2417, 176
2418, 177
2419, 178
2420, 179
2421, 180
2422, 181
2423, 182
2424, 183
2425, 184
2426, 185
2427, 186
2428, 187
2429, 188
2430, 189
2431, 191
2432, -1
2433, -1
2434, -1
2435, -1
2436, -1
2437, -1
2438, -1
2439, -1
2440, -1
2441, -1
2442, -1
2443, -1
2444, -1
2445, -1
2446, -1
2447, -1
2448, -1
2449, -1
2450, -1
2451, -1
2452, -1
2453, -1
2454, -1
2455, -1
2456, -1
2457, -1
2458, -1
2459, -1
2460, -1
2461, -1
2462, -1
2463, -1
2464, -1
2465, -1
2466, -1
2467, -1
2468, -1
2469, -1
2470, -1
2471, -1
2472, -1
2473, -1
2474, -1
2475, -1
2476, -1
2477, -1
2478, -1
2479, -1
2480, -1
2481, -1
2482, -1
2483, -1
2484, -1
2485, -1
2486, -1
2487, -1
2488, -1
2489, -1
2490, -1
2491, -1
2492, -1
2493, -1
2494, -1
2495, -1
2496, -1
2497, -1
2498, -1
2499, -1
2500, -1
2501, -1
2502, -1
2503, -1
2504, -1
2505, -1
2506, -1
2507, -1
2508, -1
2509, -1
2510, -1
2511, -1
2512, -1
2513, -1
2514, -1
2515, -1
2516, -1
2517, -1
2518, -1
2519, -1
2520, -1
2521, -1
2522, -1
2523, -1
2524, -1
2525, -1
2526, -1
2527, 140
2528, 140
2529, 140
2530, 140
2531, 140
2532, 140
2533, 140
2534, 140
2535, 140
2536, 140
2537, 140
2538, 141
2539, 142
2540, 143
2541, 144
2542, 145
2543, 146
2544, 147
2545, 148
2546, 141
2547, 141
2548, 141
2549, 141
2550, 141
2551, 141
2552, 141
2553, 141
2554, 141
2555, 141
2556, 142
2557, 143
2558, 144
2559, 145
2560, 146
2561, 147
2562, 148
2563, 149
2564, 150
2565, 142
2566, 142
2567, 142
2568, 142
2569, 142
2570, 142
2571, 142
2572, 142
2573, 142
2574, 143
2575, 144
2576, 145
2577, 146
2578, 147
2579, 148
2580, 149
2581, 150
2582, 151
2583, 152
2584, 143
2585, 143
2586, 143
2587, 143
2588, 143
2589, 143
2590, 143
2591, 143
2592, 144
2593, 145
2594, 146
2595, 147
2596, 148
2597, 149
2598, 150
2599, 151
2600, 152
2601, 153
2602, 154
2603, 144
2604, 144
2605, 144
2606, 144
2607, 144
2608, 144
2609, 144
2610, 145
2611, 146
2612, 147
2613, 148
2614, 149
2615, 150
2616, 151
2617, 152
2618, 153
2619, 154
2620, 155
2621, 156
2622, 145
2623, 145
2624, 145
2625, 145
2626, 145
2627, 145
2628, 146
2629, 147
2630, 148
2631, 149
2632, 150
2633, 151
2634, 152
2635, 153
2636, 154
2637, 155
2638, 156
2639, 157
2640, 158
2641, 146
2642, 146
2643, 146
2644, 146
2645, 146
2646, 147
2647, 148
2648, 149
2649, 150
2650, 151
2651, 152
2652, 153
2653, 154
2654, 155
2655, 156
2656, 157
2657, 158
2658, 159
2659, 160
2660, 147
2661, 147
2662, 147
2663, 147
2664, 148
2665, 149
2666, 150
2667, 151
2668, 152
2669, 153
2670, 154
2671, 155
2672, 156
2673, 157
2674, 158
2675, 159
2676, 160
2677, 161
2678, 162
2679, 148
2680, 148
2681, 148
2682, 149
2683, 150
2684, 151
2685, 152
2686, 153
2687, 154
2688, 155
2689, 156
2690, 157
2691, 158
2692, 159
2693, 160
2694, 161
2695, 162
2696, 163
2697, 164
2698, 149
2699, 149
2700, 150
2701, 151
2702, 152
2703, 153
2704, 154
2705, 155
2706, 156
2707, 157
2708, 158
2709, 159
2710, 160
2711, 161
2712, 162
2713, 163
2714, 164
2715, 165
2716, 166
2717, 150
2718, 151
2719, 152
2720, 153
2721, 154
2722, 155
2723, 156
2724, 157
2725, 158
2726, 159
2727, 160
2728, 161
2729, 162
2730, 163
2731, 164
2732, 165
2733, 166
2734, 167
2735, 168
2736, 152
2737, 153
2738, 154
2739, 155
2740, 156
2741, 157
2742, 158
2743, 159
2744, 160
2745, 161
2746, 162
2747, 163
2748, 164
2749, 165
2750, 166
2751, 167
2752, 168
2753, 169
2754, 171
2755, 191
2756, 192
2757, 193
2758, 194
2759, 195
2760, 196
2761, 197
2762, 198
2763, 199
2764, 200
2765, -1
2766, -1
2767, -1
2768, -1
2769, -1
2770, -1
2771, -1
2772, -1
2773, -1
2774, -1
2775, -1
2776, -1
2777, -1
2778, -1
2779, -1
2780, -1
2781, -1
2782, -1
2783, -1
2784, -1
2785, -1
2786, -1
2787, -1
2788, -1
2789, -1
2790, -1
2791, -1
2792, -1
2793, -1
2794, -1
2795, -1
2796, -1
2797, -1
2798, -1
2799, -1
2800, -1
2801, -1
2802, -1
2803, -1
2804, -1
2805, -1
2806, -1
2807, -1
2808, -1
2809, -1
2810, -1
2811, -1
2812, -1
2813, -1
2814, -1
2815, -1
2816, -1
2817, -1
2818, -1
2819, -1
2820, -1
2821, -1
2822, -1
2823, -1
2824, -1
2825, -1
2826, -1
2827, -1
2828, -1
2829, -1
2830, -1
2831, -1
2832, -1
2833, -1
2834, -1
2835, -1
2836, -1
2837, -1
2838, -1
2839, -1
2840, -1
2841, -1
2842, -1
2843, -1
2844, -1
2845, -1
2846, -1
2847, -1
2848, -1
2849, -1
2850, -1
2851, -1
2852, -1
2853, -1
2854, -1
2855, -1
2856, -1
2857, -1
2858, -1
2859, -1
2860, -1
2861, -1
2862, -1
2863, -1
2864, -1
2865, -1
2866, -1
2867, -1
2868, -1
2869, -1
2870, -1
2871, -1
2872, -1
2873, -1
2874, -1
2875, -1
2876, -1
2877, -1
2878, -1
2879, -1
2880, -1
2881, -1
2882, -1
2883, -1
2884, -1
2885, -1
2886, -1
2887, -1
2888, 160
2889, 160
2890, 160
2891, 160
2892, 160
2893, 160
2894, 160
2895, 160
2896, 160
2897, 160
2898, 161
2899, 162
2900, 163
2901, 164
2902, 165
2903, 166
2904, 167
2905, 168
2906, 169
2907, 161
2908, 161
2909, 161
2910, 161
2911, 161
2912, 161
2913, 161
2914, 161
2915, 161
2916, 162
2917, 163
2918, 164
2919, 165
2920, 166
2921, 167
2922, 168
2923, 169
2924, 170
2925, 171
2926, 162
2927, 162
2928, 162
2929, 162
2930, 162
2931, 162
2932, 162
2933, 162
2934, 163
2935, 164
2936, 165
2937, 166
2938, 167
2939, 168
2940, 169
2941, 170
2942, 171
2943, 172
2944, 173
2945, 163
2946, 163
2947, 163
2948, 163
2949, 163
2950, 163
2951, 163
2952, 164
2953, 165
2954, 166
2955, 167
2956, 168
2957, 169
2958, 170
2959, 171
2960, 172
2961, 173
2962, 174
2963, 175
2964, 164
2965, 164
2966, 164
2967, 164
2968, 164
2969, 164
2970, 165
2971, 166
2972, 167
2973, 168
2974, 169
2975, 170
2976, 171
2977, 172
2978, 173
2979, 174
2980, 175
2981, 176
2982, 177
2983, 165
2984, 165
2985, 165
2986, 165
2987, 165
2988, 166
2989, 167
2990, 168
2991, 169
2992, 170
2993, 171
2994, 172
2995, 173
2996, 174
2997, 175
2998, 176
2999, 177
3000, 178
3001, 179
3002, 166
3003, 166
3004, 166
3005, 166
3006, 167
3007, 168
3008, 169
3009, 170
3010, 171
3011, 172
3012, 173
3013, 174
3014, 175
3015, 176
3016, 177
3017, 178
3018, 179
3019, 180
3020, 181
3021, 167
3022, 167
3023, 167
3024, 168
3025, 169
3026, 170
3027, 171
3028, 172
3029, 173
3030, 174
3031, 175
3032, 176
3033, 177
3034, 178
3035, 179
3036, 180
3037, 181
3038, 182
3039, 183
3040, 168
3041, 168
3042, 169
3043, 170
3044, 171
3045, 172
3046, 173
3047, 174
3048, 175
3049, 176
3050, 177
3051, 178
3052, 179
3053, 180
3054, 181
3055, 182
3056, 183
3057, 184
3058, 185
3059, 169
3060, 170
3061, 171
3062, 172
3063, 173
3064, 174
3065, 175
3066, 176
3067, 177
3068, 178
3069, 179
3070, 180
3071, 181
3072, 182
3073, 183
3074, 184
3075, 185
3076, 186
3077, 187
3078, 171
3079, 172
3080, 173
3081, 174
3082, 175
3083, 176
3084, 177
3085, 178
3086, 179
3087, 180
3088, 181
3089, 182
3090, 183
3091, 184
3092, 185
3093, 186
3094, 187
3095, 188
3096, 190
3097, -1
3098, -1
3099, -1
3100, -1
3101, -1
3102, -1
3103, -1
3104, -1
3105, -1
3106, -1
3107, -1
3108, -1
3109, -1
3110, -1
3111, -1
3112, -1
3113, -1
3114, -1
3115, -1
3116, -1
3117, -1
3118, -1
3119, -1
3120, -1
3121, -1
3122, -1
3123, -1
3124, -1
3125, -1
3126, -1
3127, -1
3128, -1
3129, -1
3130, -1
3131, -1
3132, -1
3133, -1
3134, -1
3135, -1
3136, -1
3137, -1
3138, -1
3139, -1
3140, -1
3141, -1
3142, -1
3143, -1
3144, -1
3145, -1
3146, -1
3147, -1
3148, -1
3149, -1
3150, -1
3151, -1
3152, -1
3153, -1
3154, -1
3155, -1
3156, -1
3157, -1
3158, -1
3159, -1
3160, -1
3161, -1
3162, -1
3163, -1
3164, -1
3165, -1
3166, -1
3167, -1
3168, -1
3169, -1
3170, -1
3171, -1
3172, -1
3173, -1
3174, -1
3175, -1
3176, -1
3177, -1
3178, -1
3179, -1
3180, -1
3181, -1
3182, -1
3183, -1
3184, -1
3185, -1
3186, -1
3187, -1
3188, -1
3189, -1
3190, -1
3191, -1
3192, -1
3193, -1
3194, -1
3195, -1
3196, -1
3197, -1
3198, -1
3199, -1
3200, -1
3201, -1
3202, -1
3203, -1
3204, -1
3205, -1
3206, -1
3207, -1
3208, -1
3209, -1
3210, -1
3211, -1
3212, -1
3213, -1
3214, -1
3215, -1
3216, -1
3217, -1
3218, -1
3219, -1
3220, -1
3221, -1
3222, -1
3223, -1
3224, -1
3225, -1
3226, -1
3227, -1
3228, -1
3229, -1
3230, -1
3231, -1
3232, -1
3233, -1
3234, -1
3235, -1
3236, -1
3237, -1
3238, -1
3239, -1
3240, -1
3241, -1
3242, -1
3243, -1
3244, -1
3245, -1
3246, -1
3247, -1
3248, -1
3249, 180
3250, 180
3251, 180
3252, 180
3253, 180
3254, 180
3255, 180
3256, 180
3257, 180
3258, 181
3259, 182
3260, 183
3261, 184
3262, 185
3263, 186
3264, 187
3265, 188
3266, 189
3267, 190
3268, 181
3269, 181
3270, 181
3271, 181
3272, 181
3273, 181
3274, 181
3275, 181
3276, 182
3277, 183
3278, 184
3279, 185
3280, 186
3281, 187
3282, 188
3283, 189
3284, 190
3285, 191
3286, 192
3287, 182
3288, 182
3289, 182
3290, 182
3291, 182
3292, 182
3293, 182
3294, 183
3295, 184
3296, 185
3297, 186
3298, 187
3299, 188
3300, 189
3301, 190
3302, 191
3303, 192
3304, 193
3305, 194
3306, 183
3307, 183
3308, 183
3309, 183
3310, 183
3311, 183
3312, 184
3313, 185
3314, 186
3315, 187
3316, 188
3317, 189
3318, 190
3319, 191
3320, 192
3321, 193
3322, 194
3323, 195
3324, 196
3325, 184
3326, 184
3327, 184
3328, 184
3329, 184
3330, 185
3331, 186
3332, 187
3333, 188
3334, 189
3335, 190
3336, 191
3337, 192
3338, 193
3339, 194
3340, 195
3341, 196
3342, 197
3343, 198
3344, 185
3345, 185
3346, 185
3347, 185
3348, 186
3349, 187
3350, 188
3351, 189
3352, 190
3353, 191
3354, 192
3355, 193
3356, 194
3357, 195
3358, 196
3359, 197
3360, 198
3361, 199
3362, 200
3363, 186
3364, 186
3365, 186
3366, 187
3367, 188
3368, 189
3369, 190
3370, 191
3371, 192
3372, 193
3373, 194
3374, 195
3375, 196
3376, 197
3377, 198
3378, 199
3379, 200
3380, -1
3381, -1
3382, 187
3383, 187
3384, 188
3385, 189
3386, 190
3387, 191
3388, 192
3389, 193
3390, 194
3391, 195
3392, 196
3393, 197
3394, 198
3395, 199
3396, 200
3397, -1
3398, -1
3399, -1
3400, -1
3401, 188
3402, 189
3403, 190
3404, 191
3405, 192
3406, 193
3407, 194
3408, 195
3409, 196
3410, 197
3411, 198
3412, 199
3413, 200
3414, -1
3415, -1
3416, -1
3417, -1
3418, -1
3419, -1
3420, 190
3421, 191
3422, 192
3423, 193
3424, 194
3425, 195
3426, 196
3427, 197
3428, 198
3429, 199
3430, 200
3431, -1
3432, -1
3433, -1
3434, -1
3435, -1
3436, -1
3437, -1
3438, -1
3439, -1
3440, -1
3441, -1
3442, -1
3443, -1
3444, -1
3445, -1
3446, -1
3447, -1
3448, -1
3449, -1
3450, -1
3451, -1
3452, -1
3453, -1
3454, -1
3455, -1
3456, -1
3457, -1
3458, -1
3459, -1
3460, -1
3461, -1
3462, -1
3463, -1
3464, -1
3465, -1
3466, -1
3467, -1
3468, -1
3469, -1
3470, -1
3471, -1
3472, -1
3473, -1
3474, -1
3475, -1
3476, -1
3477, -1
3478, -1
3479, -1
3480, -1
3481, -1
3482, -1
3483, -1
3484, -1
3485, -1
3486, -1
3487, -1
3488, -1
3489, -1
3490, -1
3491, -1
3492, -1
3493, -1
3494, -1
3495, -1
3496, -1
3497, -1
3498, -1
3499, -1
3500, -1
3501, -1
3502, -1
3503, -1
3504, -1
3505, -1
3506, -1
3507, -1
3508, -1
3509, -1
3510, -1
3511, -1
3512, -1
3513, -1
3514, -1
3515, -1
3516, -1
3517, -1
3518, -1
3519, -1
3520, -1
3521, -1
3522, -1
3523, -1
3524, -1
3525, -1
3526, -1
3527, -1
3528, -1
3529, -1
3530, -1
3531, -1
3532, -1
3533, -1
3534, -1
3535, -1
3536, -1
3537, -1
3538, -1
3539, -1
3540, -1
3541, -1
3542, -1
3543, -1
3544, -1
3545, -1
3546, -1
3547, -1
3548, -1
3549, -1
3550, -1
3551, -1
3552, -1
3553, -1
3554, -1
3555, -1
3556, -1
3557, -1
3558, -1
3559, -1
3560, -1
3561, -1
3562, -1
3563, -1
3564, -1
3565, -1
3566, -1
3567, -1
3568, -1
3569, -1
3570, -1
3571, -1
3572, -1
3573, -1
3574, -1
3575, -1
3576, -1
3577, -1
3578, -1
3579, -1
3580, -1
3581, -1
3582, -1
3583, -1
3584, -1
3585, -1
3586, -1
3587, -1
3588, -1
3589, -1
3590, -1
3591, -1
3592, -1
3593, -1
3594, -1
3595, -1
3596, -1
3597, -1
3598, -1
3599, -1
3600, -1
3601, -1
3602, -1
3603, -1
3604, -1
3605, -1
3606, -1
3607, -1
3608, -1
3609, -1
3610, 200
3611, 200
3612, 200
3613, 200
3614, 200
3615, 200
3616, 200
3617, 200
