n,s0
0,0
1,0
2,0
3,0
4,0
5,0
6,0
7,0
8,0
9,0
10,0
11,0
12,0
13,0
14,0
15,0
16,0
17,0
18,0
19,0
20,0
21,0
22,0
23,0
24,0
25,0
26,1
27,1
28,1
29,2
30,1
31,1
32,2
33,1
34,1
35,3
36,1
37,1
38,2
39,1
40,1
41,2
42,1
43,1
44,3
45,1
46,1
47,2
48,1
49,1
50,2
51,1
52,2
53,4
54,2
55,3
56,4
57,2
58,3
59,4
60,2
61,3
62,4
63,2
64,3
65,4
66,2
67,3
68,4
69,2
70,3
71,4
72,2
73,3
74,4
75,2
76,3
77,4
78,3
79,4
80,5
81,3
82,3
83,3
84,3
85,3
86,3
87,5
88,5
89,6
90,3
91,3
92,3
93,3
94,3
95,3
96,5
97,5
98,6
99,3
100,3
101,3
102,3
103,3
104,4
105,6
106,6
107,7
108,4
109,4
110,5
111,4
112,4
113,6
114,7
115,7
116,8
117,4
118,4
119,5
120,4
121,4
122,6
123,7
124,7
125,8
126,4
127,4
128,5
129,4
130,5
131,7
132,8
133,8
134,10
135,5
136,6
137,7
138,5
139,6
140,7
141,8
142,9
143,10
144,5
145,6
146,7
147,5
148,6
149,7
150,8
151,9
152,10
153,5
154,6
155,7
156,6
157,7
158,8
159,9
160,10
161,11
162,6
163,6
164,6
165,8
166,8
167,9
168,10
169,11
170,12
171,6
172,6
173,6
174,8
175,8
176,9
177,10
178,11
179,12
180,6
181,6
182,7
183,9
184,9
185,10
186,11
187,12
188,13
189,7
190,7
191,9
192,10
193,10
194,11
195,12
196,13
197,14
198,7
199,7
200,9
201,10
202,10
203,11
204,12
205,13
206,14
207,7
208,8
209,10
210,11
211,11
212,13
213,14
214,14
215,16
216,8
217,9
218,10
219,11
220,12
221,13
222,14
223,15
224,16
225,8
226,9
227,10
228,11
229,12
230,13
231,14
232,15
233,16
234,9
235,10
236,11
237,12
238,13
239,14
240,15
241,16
242,17
243,9
244,9
245,9
246,9
247,9
248,9
249,9
250,9
251,9
252,9
253,9
254,9
255,9
256,9
257,9
258,9
259,9
260,10
261,10
262,10
263,11
264,10
265,10
266,11
267,10
268,10
269,12
270,10
271,10
272,11
273,10
274,10
275,11
276,10
277,10
278,12
279,10
280,10
281,11
282,10
283,10
284,11
285,10
286,11
287,13
288,11
289,12
290,13
291,11
292,12
293,13
294,11
295,12
296,13
297,11
298,12
299,13
300,11
301,12
302,13
303,11
304,12
305,13
306,11
307,12
308,13
309,11
310,12
311,13
312,12
313,13
314,14
315,15
316,16
317,17
318,18
319,19
320,20
321,21
322,22
323,23
324,12
325,12
326,12
327,12
328,12
329,12
330,14
331,14
332,15
333,12
334,12
335,12
336,12
337,12
338,13
339,15
340,15
341,16
342,13
343,13
344,14
345,13
346,13
347,15
348,16
349,16
350,17
351,13
352,13
353,14
354,13
355,13
356,15
357,16
358,16
359,17
360,13
361,13
362,14
363,13
364,14
365,16
366,17
367,17
368,19
369,14
370,15
371,16
372,14
373,15
374,16
375,17
376,18
377,19
378,14
379,15
380,16
381,14
382,15
383,16
384,17
385,18
386,19
387,14
388,15
389,16
390,15
391,16
392,17
393,18
394,19
395,20
396,21
397,22
398,23
399,24
400,25
401,26
402,27
403,28
404,29
405,15
406,15
407,15
408,17
409,17
410,18
411,19
412,20
413,21
414,15
415,15
416,16
417,18
418,18
419,19
420,20
421,21
422,22
423,16
424,16
425,18
426,19
427,19
428,20
429,21
430,22
431,23
432,16
433,16
434,18
435,19
436,19
437,20
438,21
439,22
440,23
441,16
442,17
443,19
444,20
445,20
446,22
447,23
448,23
449,25
450,17
451,18
452,19
453,20
454,21
455,22
456,23
457,24
458,25
459,17
460,18
461,19
462,20
463,21
464,22
465,23
466,24
467,25
468,18
469,19
470,20
471,21
472,22
473,23
474,24
475,25
476,26
477,27
478,28
479,29
480,30
481,31
482,32
483,33
484,34
485,35
486,18
487,18
488,18
489,18
490,18
491,18
492,18
493,18
494,19
495,19
496,19
497,20
498,19
499,19
500,20
501,19
502,19
503,21
504,19
505,19
506,20
507,19
508,19
509,20
510,19
511,19
512,21
513,19
514,19
515,20
516,19
517,19
518,20
519,19
520,20
521,22
522,20
523,21
524,22
525,20
526,21
527,22
528,20
529,21
530,22
531,20
532,21
533,22
534,20
535,21
536,22
537,20
538,21
539,22
540,20
541,21
542,22
543,20
544,21
545,22
546,21
547,22
548,23
549,24
550,25
551,26
552,27
553,28
554,29
555,30
556,31
557,32
558,33
559,34
560,35
561,36
562,37
563,38
564,39
565,40
566,41
567,21
568,21
569,21
570,21
571,21
572,22
573,24
574,24
575,25
576,22
577,22
578,23
579,22
580,22
581,24
582,25
583,25
584,26
585,22
586,22
587,23
588,22
589,22
590,24
591,25
592,25
593,26
594,22
595,22
596,23
597,22
598,23
599,25
600,26
601,26
602,28
603,23
604,24
605,25
606,23
607,24
608,25
609,26
610,27
611,28
612,23
613,24
614,25
615,23
616,24
617,25
618,26
619,27
620,28
621,23
622,24
623,25
624,24
625,25
626,26
627,27
628,28
629,29
630,30
631,31
632,32
633,33
634,34
635,35
636,36
637,37
638,38
639,39
640,40
641,41
642,42
643,43
644,44
645,45
646,46
647,47
648,24
649,24
650,25
651,27
652,27
653,28
654,29
655,30
656,31
657,25
658,25
659,27
660,28
661,28
662,29
663,30
664,31
665,32
666,25
667,25
668,27
669,28
670,28
671,29
672,30
673,31
674,32
675,25
676,26
677,28
678,29
679,29
680,31
681,32
682,32
683,34
684,26
685,27
686,28
687,29
688,30
689,31
690,32
691,33
692,34
693,26
694,27
695,28
696,29
697,30
698,31
699,32
700,33
701,34
702,27
703,28
704,29
705,30
706,31
707,32
708,33
709,34
710,35
711,36
712,37
713,38
714,39
715,40
716,41
717,42
718,43
719,44
720,45
721,46
722,47
723,48
724,49
725,50
726,51
727,52
728,54
729,28
730,28
731,29
732,28
733,28
734,29
735,28
736,28
737,30
738,28
739,28
740,29
741,28
742,28
743,29
744,28
745,28
746,30
747,28
748,28
749,29
750,28
751,28
752,29
753,28
754,29
755,31
756,29
757,30
758,31
759,29
760,30
761,31
762,29
763,30
764,31
765,29
766,30
767,31
768,29
769,30
770,31
771,29
772,30
773,31
774,29
775,30
776,31
777,29
778,30
779,31
780,30
781,31
782,32
783,60
784,61
785,62
786,63
787,64
788,65
789,66
790,67
791,68
792,69
793,70
794,71
795,72
796,73
797,74
798,75
799,76
800,77
801,78
802,79
803,80
804,81
805,82
806,84
807,85
808,86
809,87
810,31
811,31
812,32
813,31
814,31
815,33
816,34
817,34
818,35
819,31
820,31
821,32
822,31
823,31
824,33
825,34
826,34
827,35
828,31
829,31
830,32
831,31
832,32
833,34
834,35
835,35
836,37
837,32
838,33
839,34
840,32
841,33
842,34
843,35
844,36
845,37
846,32
847,33
848,34
849,32
850,33
851,34
852,35
853,36
854,37
855,32
856,33
857,34
858,33
859,34
860,35
861,36
862,37
863,38
864,66
865,67
866,68
867,69
868,70
869,71
870,72
871,73
872,74
873,75
874,76
875,77
876,78
877,79
878,80
879,81
880,82
881,83
882,84
883,85
884,87
885,88
886,89
887,90
888,91
889,92
890,93
891,34
892,34
893,36
894,37
895,37
896,38
897,39
898,40
899,41
900,34
901,34
902,36
903,37
904,37
905,38
906,39
907,40
908,41
909,34
910,35
911,37
912,38
913,38
914,40
915,41
916,41
917,43
918,35
919,36
920,37
921,38
922,39
923,40
924,41
925,42
926,43
927,35
928,36
929,37
930,38
931,39
932,40
933,41
934,42
935,43
936,36
937,37
938,38
939,39
940,40
941,41
942,42
943,43
944,44
945,99
946,99
947,100
948,102
949,102
950,103
951,105
952,105
953,106
954,108
955,108
956,109
957,111
958,111
959,112
960,114
961,114
962,116
963,118
964,118
965,119
966,120
967,121
968,122
969,123
970,123
971,125
972,37
973,37
974,38
975,37
976,37
977,38
978,37
979,37
980,39
981,37
982,37
983,38
984,37
985,37
986,38
987,37
988,38
989,40
990,38
991,39
992,40
993,38
994,39
995,40
996,38
997,39
998,40
999,38
1000,39
1001,40
1002,38
1003,39
1004,40
1005,38
1006,39
1007,40
1008,38
1009,39
1010,40
1011,38
1012,39
1013,40
1014,39
1015,40
1016,41
1017,42
1018,43
1019,44
1020,45
1021,46
1022,47
1023,48
1024,49
1025,50
1026,78
1027,79
1028,80
1029,81
1030,82
1031,83
1032,84
1033,85
1034,86
1035,87
1036,88
1037,89
1038,90
1039,91
1040,93
1041,94
1042,95
1043,96
1044,96
1045,97
1046,99
1047,99
1048,100
1049,102
1050,102
1051,103
1052,105
1053,40
1054,40
1055,41
1056,40
1057,40
1058,42
1059,43
1060,43
1061,44
1062,40
1063,40
1064,41
1065,40
1066,41
1067,43
1068,44
1069,44
1070,46
1071,41
1072,42
1073,43
1074,41
1075,42
1076,43
1077,44
1078,45
1079,46
1080,41
1081,42
1082,43
1083,41
1084,42
1085,43
1086,44
1087,45
1088,46
1089,41
1090,42
1091,43
1092,42
1093,43
1094,44
1095,45
1096,46
1097,47
1098,48
1099,49
1100,50
1101,51
1102,52
1103,53
1104,54
1105,55
1106,56
1107,84
1108,85
1109,86
1110,87
1111,88
1112,89
1113,90
1114,91
1115,92
1116,93
1117,94
1118,96
1119,97
1120,98
1121,99
1122,100
1123,101
1124,102
1125,102
1126,103
1127,105
1128,105
1129,106
1130,108
1131,108
1132,109
1133,111
1134,43
1135,43
1136,45
1137,46
1138,46
1139,47
1140,48
1141,49
1142,50
1143,43
1144,44
1145,46
1146,47
1147,47
1148,49
1149,50
1150,50
1151,52
1152,44
1153,45
1154,46
1155,47
1156,48
1157,49
1158,50
1159,51
1160,52
1161,44
1162,45
1163,46
1164,47
1165,48
1166,49
1167,50
1168,51
1169,52
1170,45
1171,46
1172,47
1173,48
1174,49
1175,50
1176,51
1177,52
1178,53
1179,54
1180,55
1181,56
1182,57
1183,58
1184,59
1185,60
1186,61
1187,62
1188,117
1189,117
1190,118
1191,120
1192,120
1193,121
1194,123
1195,123
1196,125
1197,127
1198,127
1199,128
1200,129
1201,130
1202,131
1203,132
1204,132
1205,134
1206,135
1207,135
1208,137
1209,138
1210,138
1211,140
1212,141
1213,141
1214,143
1215,46
1216,46
1217,47
1218,46
1219,46
1220,47
1221,46
1222,47
1223,49
1224,47
1225,48
1226,49
1227,47
1228,48
1229,49
1230,47
1231,48
1232,49
1233,47
1234,48
1235,49
1236,47
1237,48
1238,49
1239,47
1240,48
1241,49
1242,47
1243,48
1244,49
1245,47
1246,48
1247,49
1248,48
1249,49
1250,50
1251,51
1252,52
1253,53
1254,54
1255,55
1256,56
1257,57
1258,58
1259,59
1260,60
1261,61
1262,62
1263,63
1264,64
1265,65
1266,66
1267,67
1268,68
1269,96
1270,97
1271,98
1272,99
1273,100
1274,102
1275,103
1276,104
1277,105
1278,105
1279,106
1280,108
1281,108
1282,109
1283,111
1284,111
1285,112
1286,114
1287,114
1288,115
1289,117
1290,117
1291,118
1292,120
1293,120
1294,121
1295,123
1296,49
1297,49
1298,50
1299,49
1300,50
1301,52
1302,53
1303,53
1304,55
1305,50
1306,51
1307,52
1308,50
1309,51
1310,52
1311,53
1312,54
1313,55
1314,50
1315,51
1316,52
1317,50
1318,51
1319,52
1320,53
1321,54
1322,55
1323,50
1324,51
1325,52
1326,51
1327,52
1328,53
1329,54
1330,55
1331,56
1332,57
1333,58
1334,59
1335,60
1336,61
1337,62
1338,63
1339,64
1340,65
1341,66
1342,67
1343,68
1344,69
1345,70
1346,71
1347,72
1348,73
1349,74
1350,102
1351,103
1352,105
1353,106
1354,107
1355,108
1356,109
1357,110
1358,111
1359,111
1360,112
1361,114
1362,114
1363,115
1364,117
1365,117
1366,118
1367,120
1368,120
1369,121
1370,123
1371,123
1372,124
1373,126
1374,126
1375,127
1376,129
1377,52
1378,53
1379,55
1380,56
1381,56
1382,58
1383,59
1384,59
1385,61
1386,53
1387,54
1388,55
1389,56
1390,57
1391,58
1392,59
1393,60
1394,61
1395,53
1396,54
1397,55
1398,56
1399,57
1400,58
1401,59
1402,60
1403,61
1404,54
1405,55
1406,56
1407,57
1408,58
1409,59
1410,60
1411,61
1412,62
1413,63
1414,64
1415,65
1416,66
1417,67
1418,68
1419,69
1420,70
1421,71
1422,72
1423,73
1424,74
1425,75
1426,76
1427,77
1428,78
1429,79
1430,81
1431,136
1432,136
1433,137
1434,138
1435,139
1436,140
1437,141
1438,141
1439,143
1440,144
1441,144
1442,146
1443,147
1444,147
1445,149
1446,150
1447,150
1448,152
1449,153
1450,153
1451,155
1452,156
1453,156
1454,158
1455,159
1456,160
1457,162
1458,56
1459,57
1460,58
1461,56
1462,57
1463,58
1464,56
1465,57
1466,58
1467,56
1468,57
1469,58
1470,56
1471,57
1472,58
1473,56
1474,57
1475,58
1476,56
1477,57
1478,58
1479,56
1480,57
1481,58
1482,57
1483,58
1484,59
1485,87
1486,88
1487,89
1488,90
1489,91
1490,92
1491,93
1492,94
1493,95
1494,96
1495,97
1496,98
1497,99
1498,100
1499,101
1500,102
1501,103
1502,104
1503,105
1504,106
1505,107
1506,108
1507,109
1508,111
1509,112
1510,113
1511,114
1512,115
1513,116
1514,120
1515,118
1516,119
1517,123
1518,121
1519,122
1520,126
1521,124
1522,125
1523,129
1524,127
1525,128
1526,132
1527,130
1528,131
1529,135
1530,133
1531,134
1532,138
1533,136
1534,138
1535,142
1536,140
1537,141
1538,145
1539,59
1540,60
1541,61
1542,59
1543,60
1544,61
1545,62
1546,63
1547,64
1548,59
1549,60
1550,61
1551,59
1552,60
1553,61
1554,62
1555,63
1556,64
1557,59
1558,60
1559,61
1560,60
1561,61
1562,62
1563,63
1564,64
1565,65
1566,93
1567,94
1568,95
1569,96
1570,97
1571,98
1572,99
1573,100
1574,101
1575,102
1576,103
1577,104
1578,105
1579,106
1580,107
1581,108
1582,109
1583,110
1584,111
1585,112
1586,114
1587,115
1588,116
1589,117
1590,118
1591,119
1592,120
1593,121
1594,122
1595,150
1596,124
1597,125
1598,153
1599,127
1600,128
1601,156
1602,130
1603,131
1604,159
1605,133
1606,134
1607,162
1608,136
1609,137
1610,165
1611,139
1612,141
1613,169
1614,143
1615,144
1616,172
1617,146
1618,147
1619,175
1620,62
1621,63
1622,64
1623,65
1624,66
1625,67
1626,68
1627,69
1628,70
1629,62
1630,63
1631,64
1632,65
1633,66
1634,67
1635,68
1636,69
1637,70
1638,63
1639,64
1640,65
1641,66
1642,67
1643,68
1644,69
1645,70
1646,71
1647,99
1648,126
1649,128
1650,102
1651,129
1652,131
1653,105
1654,132
1655,134
1656,108
1657,135
1658,137
1659,111
1660,138
1661,140
1662,114
1663,141
1664,144
1665,118
1666,145
1667,147
1668,121
1669,148
1670,150
1671,124
1672,151
1673,153
1674,154
1675,155
1676,156
1677,157
1678,158
1679,159
1680,160
1681,161
1682,162
1683,163
1684,164
1685,165
1686,166
1687,167
1688,168
1689,169
1690,171
1691,172
1692,172
1693,174
1694,175
1695,175
1696,177
1697,178
1698,178
1699,180
1700,181
1701,65
1702,66
1703,67
1704,65
1705,66
1706,67
1707,65
1708,66
1709,67
1710,65
1711,66
1712,67
1713,65
1714,66
1715,67
1716,66
1717,67
1718,68
1719,69
1720,70
1721,71
1722,72
1723,73
1724,74
1725,75
1726,76
1727,77
1728,105
1729,106
1730,107
1731,108
1732,109
1733,110
1734,111
1735,112
1736,113
1737,114
1738,115
1739,116
1740,117
1741,118
1742,120
1743,121
1744,122
1745,123
1746,123
1747,124
1748,126
1749,126
1750,127
1751,129
1752,129
1753,130
1754,132
1755,133
1756,134
1757,138
1758,136
1759,137
1760,141
1761,139
1762,140
1763,144
1764,142
1765,143
1766,147
1767,145
1768,147
1769,151
1770,149
1771,150
1772,154
1773,151
1774,153
1775,156
1776,154
1777,156
1778,159
1779,157
1780,159
1781,162
1782,68
1783,69
1784,70
1785,68
1786,69
1787,70
1788,71
1789,72
1790,73
1791,68
1792,69
1793,70
1794,69
1795,70
1796,71
1797,72
1798,73
1799,74
1800,75
1801,76
1802,77
1803,78
1804,79
1805,80
1806,81
1807,82
1808,83
1809,111
1810,112
1811,113
1812,114
1813,115
1814,116
1815,117
1816,118
1817,119
1818,120
1819,121
1820,123
1821,124
1822,125
1823,126
1824,127
1825,128
1826,129
1827,129
1828,130
1829,132
1830,132
1831,133
1832,135
1833,135
1834,136
1835,138
1836,139
1837,140
1838,168
1839,142
1840,143
1841,171
1842,145
1843,146
1844,174
1845,148
1846,150
1847,178
1848,152
1849,153
1850,181
1851,155
1852,156
1853,184
1854,157
1855,159
1856,187
1857,160
1858,162
1859,190
1860,163
1861,165
1862,193
1863,71
1864,72
1865,73
1866,74
1867,75
1868,76
1869,77
1870,78
1871,79
1872,72
1873,73
1874,74
1875,75
1876,76
1877,77
1878,78
1879,79
1880,80
1881,81
1882,82
1883,83
1884,84
1885,85
1886,86
1887,87
1888,88
1889,89
1890,117
1891,144
1892,146
1893,120
1894,147
1895,149
1896,123
1897,150
1898,153
1899,127
1900,154
1901,156
1902,130
1903,157
1904,159
1905,133
1906,160
1907,162
1908,136
1909,163
1910,164
1911,139
1912,166
1913,167
1914,142
1915,169
1916,171
1917,172
1918,173
1919,174
1920,175
1921,176
1922,177
1923,178
1924,180
1925,181
1926,181
1927,183
1928,184
1929,184
1930,186
1931,187
1932,187
1933,189
1934,190
1935,190
1936,191
1937,193
1938,193
1939,194
1940,196
1941,196
1942,198
1943,199
1944,74
1945,75
1946,76
1947,74
1948,75
1949,76
1950,75
1951,76
1952,77
1953,78
1954,79
1955,80
1956,81
1957,82
1958,83
1959,84
1960,85
1961,86
1962,87
1963,88
1964,89
1965,90
1966,91
1967,92
1968,93
1969,94
1970,95
1971,123
1972,124
1973,125
1974,126
1975,127
1976,129
1977,130
1978,131
1979,132
1980,132
1981,133
1982,135
1983,135
1984,136
1985,138
1986,138
1987,139
1988,141
1989,141
1990,142
1991,144
1992,144
1993,145
1994,147
1995,147
1996,148
1997,150
1998,151
1999,152
2000,156
2001,154
2002,156
2003,160
2004,158
2005,159
2006,163
2007,160
2008,162
2009,165
2010,163
2011,165
2012,168
2013,166
2014,168
2015,171
2016,169
2017,171
2018,174
2019,172
2020,174
2021,177
2022,175
2023,177
2024,180
2025,77
2026,78
2027,79
2028,78
2029,79
2030,80
2031,81
2032,82
2033,83
2034,84
2035,85
2036,86
2037,87
2038,88
2039,89
2040,90
2041,91
2042,92
2043,93
2044,94
2045,95
2046,96
2047,97
2048,98
2049,99
2050,100
2051,101
2052,129
2053,130
2054,132
2055,133
2056,134
2057,135
2058,136
2059,137
2060,138
2061,138
2062,139
2063,141
2064,141
2065,142
2066,144
2067,144
2068,145
2069,147
2070,147
2071,148
2072,150
2073,150
2074,151
2075,153
2076,153
2077,154
2078,156
2079,157
2080,159
2081,187
2082,161
2083,162
2084,190
2085,164
2086,165
2087,193
2088,166
2089,168
2090,196
2091,169
2092,171
2093,199
2094,172
2095,174
2096,-1
2097,175
2098,177
2099,-1
2100,178
2101,180
2102,-1
2103,181
2104,183
2105,-1
2106,81
2107,82
2108,83
2109,84
2110,85
2111,86
2112,87
2113,88
2114,89
2115,90
2116,91
2117,92
2118,93
2119,94
2120,95
2121,96
2122,97
2123,98
2124,99
2125,100
2126,101
2127,102
2128,103
2129,104
2130,105
2131,106
2132,108
2133,136
2134,163
2135,165
2136,139
2137,166
2138,168
2139,142
2140,169
2141,171
2142,145
2143,172
2144,173
2145,148
2146,175
2147,176
2148,151
2149,178
2150,180
2151,154
2152,181
2153,182
2154,157
2155,184
2156,185
2157,160
2158,188
2159,190
2160,190
2161,192
2162,193
2163,193
2164,195
2165,196
2166,196
2167,198
2168,199
2169,199
2170,200
2171,-1
2172,-1
2173,-1
2174,-1
2175,-1
2176,-1
2177,-1
2178,-1
2179,-1
2180,-1
2181,-1
2182,-1
2183,-1
2184,-1
2185,-1
2186,-1
2187,84
2188,84
2189,84
2190,84
2191,84
2192,84
2193,86
2194,86
2195,87
2196,84
2197,84
2198,84
2199,84
2200,84
2201,84
2202,86
2203,86
2204,87
2205,84
2206,84
2207,84
2208,84
2209,84
2210,85
2211,87
2212,87
2213,88
2214,85
2215,85
2216,86
2217,85
2218,85
2219,87
2220,88
2221,88
2222,89
2223,85
2224,85
2225,86
2226,85
2227,85
2228,87
2229,88
2230,88
2231,89
2232,85
2233,85
2234,86
2235,85
2236,86
2237,88
2238,89
2239,89
2240,91
2241,86
2242,87
2243,88
2244,86
2245,87
2246,88
2247,89
2248,90
2249,91
2250,86
2251,87
2252,88
2253,86
2254,87
2255,88
2256,89
2257,90
2258,91
2259,86
2260,87
2261,88
2262,87
2263,88
2264,89
2265,90
2266,91
2267,92
2268,87
2269,87
2270,87
2271,89
2272,89
2273,90
2274,91
2275,92
2276,93
2277,87
2278,87
2279,87
2280,89
2281,89
2282,90
2283,91
2284,92
2285,93
2286,87
2287,87
2288,88
2289,90
2290,90
2291,91
2292,92
2293,93
2294,94
2295,88
2296,88
2297,90
2298,91
2299,91
2300,92
2301,93
2302,94
2303,95
2304,88
2305,88
2306,90
2307,91
2308,91
2309,92
2310,93
2311,94
2312,95
2313,88
2314,89
2315,91
2316,92
2317,92
2318,94
2319,95
2320,95
2321,97
2322,89
2323,90
2324,91
2325,92
2326,93
2327,94
2328,95
2329,96
2330,97
2331,89
2332,90
2333,91
2334,92
2335,93
2336,94
2337,95
2338,96
2339,97
2340,90
2341,91
2342,92
2343,93
2344,94
2345,95
2346,96
2347,97
2348,98
2349,153
2350,153
2351,154
2352,156
2353,156
2354,157
2355,159
2356,159
2357,160
2358,162
2359,162
2360,163
2361,165
2362,165
2363,166
2364,168
2365,168
2366,170
2367,172
2368,172
2369,173
2370,174
2371,175
2372,176
2373,177
2374,177
2375,179
2376,181
2377,182
2378,183
2379,184
2380,185
2381,186
2382,187
2383,188
2384,189
2385,190
2386,191
2387,192
2388,193
2389,194
2390,195
2391,196
2392,198
2393,199
2394,199
2395,-1
2396,-1
2397,-1
2398,-1
2399,-1
2400,-1
2401,-1
2402,-1
2403,-1
2404,-1
2405,-1
2406,-1
2407,-1
2408,-1
2409,-1
2410,-1
2411,-1
2412,-1
2413,-1
2414,-1
2415,-1
2416,-1
2417,-1
2418,-1
2419,-1
2420,-1
2421,-1
2422,-1
2423,-1
2424,-1
2425,-1
2426,-1
2427,-1
2428,-1
2429,-1
2430,93
2431,93
2432,93
2433,93
2434,93
2435,93
2436,95
2437,95
2438,96
2439,93
2440,93
2441,93
2442,93
2443,93
2444,94
2445,96
2446,96
2447,97
2448,94
2449,94
2450,95
2451,94
2452,94
2453,96
2454,97
2455,97
2456,98
2457,94
2458,94
2459,95
2460,94
2461,94
2462,96
2463,97
2464,97
2465,98
2466,94
2467,94
2468,95
2469,94
2470,95
2471,97
2472,98
2473,98
2474,100
2475,95
2476,96
2477,97
2478,95
2479,96
2480,97
2481,98
2482,99
2483,100
2484,95
2485,96
2486,97
2487,95
2488,96
2489,97
2490,98
2491,99
2492,100
2493,95
2494,96
2495,97
2496,96
2497,97
2498,98
2499,99
2500,100
2501,101
2502,102
2503,103
2504,104
2505,105
2506,106
2507,107
2508,108
2509,109
2510,110
2511,96
2512,96
2513,96
2514,98
2515,98
2516,99
2517,100
2518,101
2519,102
2520,96
2521,96
2522,97
2523,99
2524,99
2525,100
2526,101
2527,102
2528,103
2529,97
2530,97
2531,99
2532,100
2533,100
2534,101
2535,102
2536,103
2537,104
2538,97
2539,97
2540,99
2541,100
2542,100
2543,101
2544,102
2545,103
2546,104
2547,97
2548,98
2549,100
2550,101
2551,101
2552,103
2553,104
2554,104
2555,106
2556,98
2557,99
2558,100
2559,101
2560,102
2561,103
2562,104
2563,105
2564,106
2565,98
2566,99
2567,100
2568,101
2569,102
2570,103
2571,104
2572,105
2573,106
2574,99
2575,100
2576,101
2577,102
2578,103
2579,104
2580,105
2581,106
2582,107
2583,108
2584,109
2585,110
2586,111
2587,112
2588,113
2589,114
2590,115
2591,116
2592,171
2593,171
2594,172
2595,174
2596,174
2597,175
2598,177
2599,177
2600,179
2601,181
2602,181
2603,182
2604,183
2605,184
2606,185
2607,186
2608,186
2609,188
2610,189
2611,189
2612,191
2613,192
2614,192
2615,194
2616,195
2617,195
2618,197
2619,199
2620,200
2621,-1
2622,-1
2623,-1
2624,-1
2625,-1
2626,-1
2627,-1
2628,-1
2629,-1
2630,-1
2631,-1
2632,-1
2633,-1
2634,-1
2635,-1
2636,-1
2637,-1
2638,-1
2639,-1
2640,-1
2641,-1
2642,-1
2643,-1
2644,-1
2645,-1
2646,-1
2647,-1
2648,-1
2649,-1
2650,-1
2651,-1
2652,-1
2653,-1
2654,-1
2655,-1
2656,-1
2657,-1
2658,-1
2659,-1
2660,-1
2661,-1
2662,-1
2663,-1
2664,-1
2665,-1
2666,-1
2667,-1
2668,-1
2669,-1
2670,-1
2671,-1
2672,-1
2673,102
2674,102
2675,102
2676,102
2677,102
2678,103
2679,105
2680,105
2681,106
2682,103
2683,103
2684,104
2685,103
2686,103
2687,105
2688,106
2689,106
2690,107
2691,103
2692,103
2693,104
2694,103
2695,103
2696,105
2697,106
2698,106
2699,107
2700,103
2701,103
2702,104
2703,103
2704,104
2705,106
2706,107
2707,107
2708,109
2709,104
2710,105
2711,106
2712,104
2713,105
2714,106
2715,107
2716,108
2717,109
2718,104
2719,105
2720,106
2721,104
2722,105
2723,106
2724,107
2725,108
2726,109
2727,104
2728,105
2729,106
2730,105
2731,106
2732,107
2733,108
2734,109
2735,110
2736,111
2737,112
2738,113
2739,114
2740,115
2741,116
2742,117
2743,118
2744,119
2745,120
2746,121
2747,122
2748,123
2749,124
2750,125
2751,126
2752,127
2753,128
2754,105
2755,105
2756,106
2757,108
2758,108
2759,109
2760,110
2761,111
2762,112
2763,106
2764,106
2765,108
2766,109
2767,109
2768,110
2769,111
2770,112
2771,113
2772,106
2773,106
2774,108
2775,109
2776,109
2777,110
2778,111
2779,112
2780,113
2781,106
2782,107
2783,109
2784,110
2785,110
2786,112
2787,113
2788,113
2789,115
2790,107
2791,108
2792,109
2793,110
2794,111
2795,112
2796,113
2797,114
2798,115
2799,107
2800,108
2801,109
2802,110
2803,111
2804,112
2805,113
2806,114
2807,115
2808,108
2809,109
2810,110
2811,111
2812,112
2813,113
2814,114
2815,115
2816,116
2817,117
2818,118
2819,119
2820,120
2821,121
2822,122
2823,123
2824,124
2825,125
2826,126
2827,127
2828,128
2829,129
2830,130
2831,131
2832,132
2833,133
2834,135
2835,190
2836,190
2837,191
2838,192
2839,193
2840,194
2841,195
2842,195
2843,197
2844,198
2845,198
2846,200
2847,-1
2848,-1
2849,-1
2850,-1
2851,-1
2852,-1
2853,-1
2854,-1
2855,-1
2856,-1
2857,-1
2858,-1
2859,-1
2860,-1
2861,-1
2862,-1
2863,-1
2864,-1
2865,-1
2866,-1
2867,-1
2868,-1
2869,-1
2870,-1
2871,-1
2872,-1
2873,-1
2874,-1
2875,-1
2876,-1
2877,-1
2878,-1
2879,-1
2880,-1
2881,-1
2882,-1
2883,-1
2884,-1
2885,-1
2886,-1
2887,-1
2888,-1
2889,-1
2890,-1
2891,-1
2892,-1
2893,-1
2894,-1
2895,-1
2896,-1
2897,-1
2898,-1
2899,-1
2900,-1
2901,-1
2902,-1
2903,-1
2904,-1
2905,-1
2906,-1
2907,-1
2908,-1
2909,-1
2910,-1
2911,-1
2912,-1
2913,-1
2914,-1
2915,-1
2916,112
2917,112
2918,113
2919,112
2920,112
2921,114
2922,115
2923,115
2924,116
2925,112
2926,112
2927,113
2928,112
2929,112
2930,114
2931,115
2932,115
2933,116
2934,112
2935,112
2936,113
2937,112
2938,113
2939,115
2940,116
2941,116
2942,118
2943,113
2944,114
2945,115
2946,113
2947,114
2948,115
2949,116
2950,117
2951,118
2952,113
2953,114
2954,115
2955,113
2956,114
2957,115
2958,116
2959,117
2960,118
2961,113
2962,114
2963,115
2964,114
2965,115
2966,116
2967,117
2968,118
2969,119
2970,147
2971,148
2972,149
2973,150
2974,151
2975,152
2976,153
2977,154
2978,155
2979,156
2980,157
2981,158
2982,159
2983,160
2984,161
2985,162
2986,163
2987,164
2988,165
2989,166
2990,168
2991,169
2992,170
2993,171
2994,172
2995,173
2996,174
2997,115
2998,115
2999,117
3000,118
3001,118
3002,119
3003,120
3004,121
3005,122
3006,115
3007,115
3008,117
3009,118
3010,118
3011,119
3012,120
3013,121
3014,122
3015,115
3016,116
3017,118
3018,119
3019,119
3020,121
3021,122
3022,122
3023,124
3024,116
3025,117
3026,118
3027,119
3028,120
3029,121
3030,122
3031,123
3032,124
3033,116
3034,117
3035,118
3036,119
3037,120
3038,121
3039,122
3040,123
3041,124
3042,117
3043,118
3044,119
3045,120
3046,121
3047,122
3048,123
3049,124
3050,125
3051,180
3052,180
3053,181
3054,183
3055,183
3056,184
3057,186
3058,186
3059,187
3060,189
3061,189
3062,190
3063,192
3064,192
3065,193
3066,195
3067,195
3068,197
3069,199
3070,199
3071,200
3072,-1
3073,-1
3074,-1
3075,-1
3076,-1
3077,-1
3078,-1
3079,-1
3080,-1
3081,-1
3082,-1
3083,-1
3084,-1
3085,-1
3086,-1
3087,-1
3088,-1
3089,-1
3090,-1
3091,-1
3092,-1
3093,-1
3094,-1
3095,-1
3096,-1
3097,-1
3098,-1
3099,-1
3100,-1
3101,-1
3102,-1
3103,-1
3104,-1
3105,-1
3106,-1
3107,-1
3108,-1
3109,-1
3110,-1
3111,-1
3112,-1
3113,-1
3114,-1
3115,-1
3116,-1
3117,-1
3118,-1
3119,-1
3120,-1
3121,-1
3122,-1
3123,-1
3124,-1
3125,-1
3126,-1
3127,-1
3128,-1
3129,-1
3130,-1
3131,-1
3132,-1
3133,-1
3134,-1
3135,-1
3136,-1
3137,-1
3138,-1
3139,-1
3140,-1
3141,-1
3142,-1
3143,-1
3144,-1
3145,-1
3146,-1
3147,-1
3148,-1
3149,-1
3150,-1
3151,-1
3152,-1
3153,-1
3154,-1
3155,-1
3156,-1
3157,-1
3158,-1
3159,121
3160,121
3161,122
3162,121
3163,121
3164,123
3165,124
3166,124
3167,125
3168,121
3169,121
3170,122
3171,121
3172,122
3173,124
3174,125
3175,125
3176,127
3177,122
3178,123
3179,124
3180,122
3181,123
3182,124
3183,125
3184,126
3185,127
3186,122
3187,123
3188,124
3189,122
3190,123
3191,124
3192,125
3193,126
3194,127
3195,122
3196,123
3197,124
3198,123
3199,124
3200,125
3201,126
3202,127
3203,128
3204,129
3205,130
3206,131
3207,132
3208,133
3209,134
3210,135
3211,136
3212,137
3213,165
3214,166
3215,167
3216,168
3217,169
3218,170
3219,171
3220,172
3221,173
3222,174
3223,175
3224,177
3225,178
3226,179
3227,180
3228,181
3229,182
3230,183
3231,183
3232,184
3233,186
3234,186
3235,187
3236,189
3237,189
3238,190
3239,192
3240,124
3241,124
3242,126
3243,127
3244,127
3245,128
3246,129
3247,130
3248,131
3249,124
3250,125
3251,127
3252,128
3253,128
3254,130
3255,131
3256,131
3257,133
3258,125
3259,126
3260,127
3261,128
3262,129
3263,130
3264,131
3265,132
3266,133
3267,125
3268,126
3269,127
3270,128
3271,129
3272,130
3273,131
3274,132
3275,133
3276,126
3277,127
3278,128
3279,129
3280,130
3281,131
3282,132
3283,133
3284,134
3285,135
3286,136
3287,137
3288,138
3289,139
3290,140
3291,141
3292,142
3293,143
3294,198
3295,198
3296,199
3297,-1
3298,-1
3299,-1
3300,-1
3301,-1
3302,-1
3303,-1
3304,-1
3305,-1
3306,-1
3307,-1
3308,-1
3309,-1
3310,-1
3311,-1
3312,-1
3313,-1
3314,-1
3315,-1
3316,-1
3317,-1
3318,-1
3319,-1
3320,-1
3321,-1
3322,-1
3323,-1
3324,-1
3325,-1
3326,-1
3327,-1
3328,-1
3329,-1
3330,-1
3331,-1
3332,-1
3333,-1
3334,-1
3335,-1
3336,-1
3337,-1
3338,-1
3339,-1
3340,-1
3341,-1
3342,-1
3343,-1
3344,-1
3345,-1
3346,-1
3347,-1
3348,-1
3349,-1
3350,-1
3351,-1
3352,-1
3353,-1
3354,-1
3355,-1
3356,-1
3357,-1
3358,-1
3359,-1
3360,-1
3361,-1
3362,-1
3363,-1
3364,-1
3365,-1
3366,-1
3367,-1
3368,-1
3369,-1
3370,-1
3371,-1
3372,-1
3373,-1
3374,-1
3375,-1
3376,-1
3377,-1
3378,-1
3379,-1
3380,-1
3381,-1
3382,-1
3383,-1
3384,-1
3385,-1
3386,-1
3387,-1
3388,-1
3389,-1
3390,-1
3391,-1
3392,-1
3393,-1
3394,-1
3395,-1
3396,-1
3397,-1
3398,-1
3399,-1
3400,-1
3401,-1
3402,130
3403,130
3404,131
3405,130
3406,131
3407,133
3408,134
3409,134
3410,136
3411,131
3412,132
3413,133
3414,131
3415,132
3416,133
3417,134
3418,135
3419,136
3420,131
3421,132
3422,133
3423,131
3424,132
3425,133
3426,134
3427,135
3428,136
3429,131
3430,132
3431,133
3432,132
3433,133
3434,134
3435,135
3436,136
3437,137
3438,138
3439,139
3440,140
3441,141
3442,142
3443,143
3444,144
3445,145
3446,146
3447,147
3448,148
3449,149
3450,150
3451,151
3452,152
3453,153
3454,154
3455,155
3456,183
3457,184
3458,186
3459,187
3460,188
3461,189
3462,190
3463,191
3464,192
3465,192
3466,193
3467,195
3468,195
3469,196
3470,198
3471,198
3472,199
3473,-1
3474,-1
3475,-1
3476,-1
3477,-1
3478,-1
3479,-1
3480,-1
3481,-1
3482,-1
3483,133
3484,134
3485,136
3486,137
3487,137
3488,139
3489,140
3490,140
3491,142
3492,134
3493,135
3494,136
3495,137
3496,138
3497,139
3498,140
3499,141
3500,142
3501,134
3502,135
3503,136
3504,137
3505,138
3506,139
3507,140
3508,141
3509,142
3510,135
3511,136
3512,137
3513,138
3514,139
3515,140
3516,141
3517,142
3518,143
3519,144
3520,145
3521,146
3522,147
3523,148
3524,149
3525,150
3526,151
3527,152
3528,153
3529,154
3530,155
3531,156
3532,157
3533,158
3534,159
3535,160
3536,162
3537,-1
3538,-1
3539,-1
3540,-1
3541,-1
3542,-1
3543,-1
3544,-1
3545,-1
3546,-1
3547,-1
3548,-1
3549,-1
3550,-1
3551,-1
3552,-1
3553,-1
3554,-1
3555,-1
3556,-1
3557,-1
3558,-1
3559,-1
3560,-1
3561,-1
3562,-1
3563,-1
3564,-1
3565,-1
3566,-1
3567,-1
3568,-1
3569,-1
3570,-1
3571,-1
3572,-1
3573,-1
3574,-1
3575,-1
3576,-1
3577,-1
3578,-1
3579,-1
3580,-1
3581,-1
3582,-1
3583,-1
3584,-1
3585,-1
3586,-1
3587,-1
3588,-1
3589,-1
3590,-1
3591,-1
3592,-1
3593,-1
3594,-1
3595,-1
3596,-1
3597,-1
3598,-1
3599,-1
3600,-1
3601,-1
3602,-1
3603,-1
3604,-1
3605,-1
3606,-1
3607,-1
3608,-1
3609,-1
3610,-1
3611,-1
3612,-1
3613,-1
3614,-1
3615,-1
3616,-1
3617,-1
3618,-1
3619,-1
3620,-1
3621,-1
3622,-1
3623,-1
3624,-1
3625,-1
3626,-1
3627,-1
3628,-1
3629,-1
3630,-1
3631,-1
3632,-1
3633,-1
3634,-1
3635,-1
3636,-1
3637,-1
3638,-1
3639,-1
3640,-1
3641,-1
3642,-1
3643,-1
3644,-1
3645,140
3646,141
3647,142
3648,140
3649,141
3650,142
3651,143
3652,144
3653,145
3654,140
3655,141
3656,142
3657,140
3658,141
3659,142
3660,143
3661,144
3662,145
3663,140
3664,141
3665,142
3666,141
3667,142
3668,143
3669,144
3670,145
3671,146
3672,174
3673,175
3674,176
3675,177
3676,178
3677,179
3678,180
3679,181
3680,182
3681,183
3682,184
3683,185
3684,186
3685,187
3686,188
3687,189
3688,190
3689,191
3690,192
3691,193
3692,195
3693,196
3694,197
3695,198
3696,199
3697,200
3698,-1
3699,-1
3700,-1
3701,-1
3702,-1
3703,-1
3704,-1
3705,-1
3706,-1
3707,-1
3708,-1
3709,-1
3710,-1
3711,-1
3712,-1
3713,-1
3714,-1
3715,-1
3716,-1
3717,-1
3718,-1
3719,-1
3720,-1
3721,-1
3722,-1
3723,-1
3724,-1
3725,-1
3726,143
3727,144
3728,145
3729,146
3730,147
3731,148
3732,149
3733,150
3734,151
3735,143
3736,144
3737,145
3738,146
3739,147
3740,148
3741,149
3742,150
3743,151
3744,144
3745,145
3746,146
3747,147
3748,148
3749,149
3750,150
3751,151
3752,152
3753,180
3754,-1
3755,-1
3756,183
3757,-1
3758,-1
3759,186
3760,-1
3761,-1
3762,189
3763,-1
3764,-1
3765,192
3766,-1
3767,-1
3768,195
3769,-1
3770,-1
3771,199
3772,-1
3773,-1
3774,-1
3775,-1
3776,-1
3777,-1
3778,-1
3779,-1
3780,-1
3781,-1
3782,-1
3783,-1
3784,-1
3785,-1
3786,-1
3787,-1
3788,-1
3789,-1
3790,-1
3791,-1
3792,-1
3793,-1
3794,-1
3795,-1
3796,-1
3797,-1
3798,-1
3799,-1
3800,-1
3801,-1
3802,-1
3803,-1
3804,-1
3805,-1
3806,-1
3807,-1
3808,-1
3809,-1
3810,-1
3811,-1
3812,-1
3813,-1
3814,-1
3815,-1
3816,-1
3817,-1
3818,-1
3819,-1
3820,-1
3821,-1
3822,-1
3823,-1
3824,-1
3825,-1
3826,-1
3827,-1
3828,-1
3829,-1
3830,-1
3831,-1
3832,-1
3833,-1
3834,-1
3835,-1
3836,-1
3837,-1
3838,-1
3839,-1
3840,-1
3841,-1
3842,-1
3843,-1
3844,-1
3845,-1
3846,-1
3847,-1
3848,-1
3849,-1
3850,-1
3851,-1
3852,-1
3853,-1
3854,-1
3855,-1
3856,-1
3857,-1
3858,-1
3859,-1
3860,-1
3861,-1
3862,-1
3863,-1
3864,-1
3865,-1
3866,-1
3867,-1
3868,-1
3869,-1
3870,-1
3871,-1
3872,-1
3873,-1
3874,-1
3875,-1
3876,-1
3877,-1
3878,-1
3879,-1
3880,-1
3881,-1
3882,-1
3883,-1
3884,-1
3885,-1
3886,-1
3887,-1
3888,149
3889,150
3890,151
3891,149
3892,150
3893,151
3894,152
3895,153
3896,154
3897,149
3898,150
3899,151
3900,150
3901,151
3902,152
3903,153
3904,154
3905,155
3906,156
3907,157
3908,158
3909,159
3910,160
3911,161
3912,162
3913,163
3914,164
3915,192
3916,193
3917,194
3918,195
3919,196
3920,197
3921,198
3922,199
3923,200
3924,-1
3925,-1
3926,-1
3927,-1
3928,-1
3929,-1
3930,-1
3931,-1
3932,-1
3933,-1
3934,-1
3935,-1
3936,-1
3937,-1
3938,-1
3939,-1
3940,-1
3941,-1
3942,-1
3943,-1
3944,-1
3945,-1
3946,-1
3947,-1
3948,-1
3949,-1
3950,-1
3951,-1
3952,-1
3953,-1
3954,-1
3955,-1
3956,-1
3957,-1
3958,-1
3959,-1
3960,-1
3961,-1
3962,-1
3963,-1
3964,-1
3965,-1
3966,-1
3967,-1
3968,-1
3969,152
3970,153
3971,154
3972,155
3973,156
3974,157
3975,158
3976,159
3977,160
3978,153
3979,154
3980,155
3981,156
3982,157
3983,158
3984,159
3985,160
3986,161
3987,162
3988,163
3989,164
3990,165
3991,166
3992,167
3993,168
3994,169
3995,170
3996,198
3997,-1
3998,-1
3999,-1
4000,-1
4001,-1
4002,-1
4003,-1
4004,-1
4005,-1
4006,-1
4007,-1
4008,-1
4009,-1
4010,-1
4011,-1
4012,-1
4013,-1
4014,-1
4015,-1
4016,-1
4017,-1
4018,-1
4019,-1
4020,-1
4021,-1
4022,-1
4023,-1
4024,-1
4025,-1
4026,-1
4027,-1
4028,-1
4029,-1
4030,-1
4031,-1
4032,-1
4033,-1
4034,-1
4035,-1
4036,-1
4037,-1
4038,-1
4039,-1
4040,-1
4041,-1
4042,-1
4043,-1
4044,-1
4045,-1
4046,-1
4047,-1
4048,-1
4049,-1
4050,-1
4051,-1
4052,-1
4053,-1
4054,-1
4055,-1
4056,-1
4057,-1
4058,-1
4059,-1
4060,-1
4061,-1
4062,-1
4063,-1
4064,-1
4065,-1
4066,-1
4067,-1
4068,-1
4069,-1
4070,-1
4071,-1
4072,-1
4073,-1
4074,-1
4075,-1
4076,-1
4077,-1
4078,-1
4079,-1
4080,-1
4081,-1
4082,-1
4083,-1
4084,-1
4085,-1
4086,-1
4087,-1
4088,-1
4089,-1
4090,-1
4091,-1
4092,-1
4093,-1
4094,-1
4095,-1
4096,-1
4097,-1
4098,-1
4099,-1
4100,-1
4101,-1
4102,-1
4103,-1
4104,-1
4105,-1
4106,-1
4107,-1
4108,-1
4109,-1
4110,-1
4111,-1
4112,-1
4113,-1
4114,-1
4115,-1
4116,-1
4117,-1
4118,-1
4119,-1
4120,-1
4121,-1
4122,-1
4123,-1
4124,-1
4125,-1
4126,-1
4127,-1
4128,-1
4129,-1
4130,-1
4131,158
4132,159
4133,160
4134,159
4135,160
4136,161
4137,162
4138,163
4139,164
4140,165
4141,166
4142,167
4143,168
4144,169
4145,170
4146,171
4147,172
4148,173
4149,174
4150,175
4151,176
4152,177
4153,178
4154,179
4155,180
4156,181
4157,182
4158,-1
4159,-1
4160,-1
4161,-1
4162,-1
4163,-1
4164,-1
4165,-1
4166,-1
4167,-1
4168,-1
4169,-1
4170,-1
4171,-1
4172,-1
4173,-1
4174,-1
4175,-1
4176,-1
4177,-1
4178,-1
4179,-1
4180,-1
4181,-1
4182,-1
4183,-1
4184,-1
4185,-1
4186,-1
4187,-1
4188,-1
4189,-1
4190,-1
4191,-1
4192,-1
4193,-1
4194,-1
4195,-1
4196,-1
4197,-1
4198,-1
4199,-1
4200,-1
4201,-1
4202,-1
4203,-1
4204,-1
4205,-1
4206,-1
4207,-1
4208,-1
4209,-1
4210,-1
4211,-1
4212,162
4213,163
4214,164
4215,165
4216,166
4217,167
4218,168
4219,169
4220,170
4221,171
4222,172
4223,173
4224,174
4225,175
4226,176
4227,177
4228,178
4229,179
4230,180
4231,181
4232,182
4233,183
4234,184
4235,185
4236,186
4237,187
4238,189
4239,-1
4240,-1
4241,-1
4242,-1
4243,-1
4244,-1
4245,-1
4246,-1
4247,-1
4248,-1
4249,-1
4250,-1
4251,-1
4252,-1
4253,-1
4254,-1
4255,-1
4256,-1
4257,-1
4258,-1
4259,-1
4260,-1
4261,-1
4262,-1
4263,-1
4264,-1
4265,-1
4266,-1
4267,-1
4268,-1
4269,-1
4270,-1
4271,-1
4272,-1
4273,-1
4274,-1
4275,-1
4276,-1
4277,-1
4278,-1
4279,-1
4280,-1
4281,-1
4282,-1
4283,-1
4284,-1
4285,-1
4286,-1
4287,-1
4288,-1
4289,-1
4290,-1
4291,-1
4292,-1
4293,-1
4294,-1
4295,-1
4296,-1
4297,-1
4298,-1
4299,-1
4300,-1
4301,-1
4302,-1
4303,-1
4304,-1
4305,-1
4306,-1
4307,-1
4308,-1
4309,-1
4310,-1
4311,-1
4312,-1
4313,-1
4314,-1
4315,-1
4316,-1
4317,-1
4318,-1
4319,-1
4320,-1
4321,-1
4322,-1
4323,-1
4324,-1
4325,-1
4326,-1
4327,-1
4328,-1
4329,-1
4330,-1
4331,-1
4332,-1
4333,-1
4334,-1
4335,-1
4336,-1
4337,-1
4338,-1
4339,-1
4340,-1
4341,-1
4342,-1
4343,-1
4344,-1
4345,-1
4346,-1
4347,-1
4348,-1
4349,-1
4350,-1
4351,-1
4352,-1
4353,-1
4354,-1
4355,-1
4356,-1
4357,-1
4358,-1
4359,-1
4360,-1
4361,-1
4362,-1
4363,-1
4364,-1
4365,-1
4366,-1
4367,-1
4368,-1
4369,-1
4370,-1
4371,-1
4372,-1
4373,-1
4374,168
4375,168
4376,168
4377,170
4378,170
4379,171
4380,172
4381,173
4382,174
4383,168
4384,168
4385,168
4386,170
4387,170
4388,171
4389,172
4390,173
4391,174
4392,168
4393,168
4394,169
4395,171
4396,171
4397,172
4398,173
4399,174
4400,175
4401,169
4402,169
4403,171
4404,172
4405,172
4406,173
4407,174
4408,175
4409,176
4410,169
4411,169
4412,171
4413,172
4414,172
4415,173
4416,174
4417,175
4418,176
4419,169
4420,170
4421,172
4422,173
4423,173
4424,175
4425,176
4426,176
4427,178
4428,170
4429,171
4430,172
4431,173
4432,174
4433,175
4434,176
4435,177
4436,178
4437,170
4438,171
4439,172
4440,173
4441,174
4442,175
4443,176
4444,177
4445,178
4446,171
4447,172
4448,173
4449,174
4450,175
4451,176
4452,177
4453,178
4454,179
4455,-1
4456,-1
4457,-1
4458,-1
4459,-1
4460,-1
4461,-1
4462,-1
4463,-1
4464,-1
4465,-1
4466,-1
4467,-1
4468,-1
4469,-1
4470,-1
4471,-1
4472,-1
4473,-1
4474,-1
4475,-1
4476,-1
4477,-1
4478,-1
4479,-1
4480,-1
4481,-1
4482,-1
4483,-1
4484,-1
4485,-1
4486,-1
4487,-1
4488,-1
4489,-1
4490,-1
4491,-1
4492,-1
4493,-1
4494,-1
4495,-1
4496,-1
4497,-1
4498,-1
4499,-1
4500,-1
4501,-1
4502,-1
4503,-1
4504,-1
4505,-1
4506,-1
4507,-1
4508,-1
4509,-1
4510,-1
4511,-1
4512,-1
4513,-1
4514,-1
4515,-1
4516,-1
4517,-1
4518,-1
4519,-1
4520,-1
4521,-1
4522,-1
4523,-1
4524,-1
4525,-1
4526,-1
4527,-1
4528,-1
4529,-1
4530,-1
4531,-1
4532,-1
4533,-1
4534,-1
4535,-1
4536,-1
4537,-1
4538,-1
4539,-1
4540,-1
4541,-1
4542,-1
4543,-1
4544,-1
4545,-1
4546,-1
4547,-1
4548,-1
4549,-1
4550,-1
4551,-1
4552,-1
4553,-1
4554,-1
4555,-1
4556,-1
4557,-1
4558,-1
4559,-1
4560,-1
4561,-1
4562,-1
4563,-1
4564,-1
4565,-1
4566,-1
4567,-1
4568,-1
4569,-1
4570,-1
4571,-1
4572,-1
4573,-1
4574,-1
4575,-1
4576,-1
4577,-1
4578,-1
4579,-1
4580,-1
4581,-1
4582,-1
4583,-1
4584,-1
4585,-1
4586,-1
4587,-1
4588,-1
4589,-1
4590,-1
4591,-1
4592,-1
4593,-1
4594,-1
4595,-1
4596,-1
4597,-1
4598,-1
4599,-1
4600,-1
4601,-1
4602,-1
4603,-1
4604,-1
4605,-1
4606,-1
4607,-1
4608,-1
4609,-1
4610,-1
4611,-1
4612,-1
4613,-1
4614,-1
4615,-1
4616,-1
4617,177
4618,177
4619,177
4620,179
4621,179
4622,180
4623,181
4624,182
4625,183
4626,177
4627,177
4628,178
4629,180
4630,180
4631,181
4632,182
4633,183
4634,184
4635,178
4636,178
4637,180
4638,181
4639,181
4640,182
4641,183
4642,184
4643,185
4644,178
4645,178
4646,180
4647,181
4648,181
4649,182
4650,183
4651,184
4652,185
4653,178
4654,179
4655,181
4656,182
4657,182
4658,184
4659,185
4660,185
4661,187
4662,179
4663,180
4664,181
4665,182
4666,183
4667,184
4668,185
4669,186
4670,187
4671,179
4672,180
4673,181
4674,182
4675,183
4676,184
4677,185
4678,186
4679,187
4680,180
4681,181
4682,182
4683,183
4684,184
4685,185
4686,186
4687,187
4688,188
4689,189
4690,190
4691,191
4692,192
4693,193
4694,194
4695,195
4696,196
4697,197
4698,-1
4699,-1
4700,-1
4701,-1
4702,-1
4703,-1
4704,-1
4705,-1
4706,-1
4707,-1
4708,-1
4709,-1
4710,-1
4711,-1
4712,-1
4713,-1
4714,-1
4715,-1
4716,-1
4717,-1
4718,-1
4719,-1
4720,-1
4721,-1
4722,-1
4723,-1
4724,-1
4725,-1
4726,-1
4727,-1
4728,-1
4729,-1
4730,-1
4731,-1
4732,-1
4733,-1
4734,-1
4735,-1
4736,-1
4737,-1
4738,-1
4739,-1
4740,-1
4741,-1
4742,-1
4743,-1
4744,-1
4745,-1
4746,-1
4747,-1
4748,-1
4749,-1
4750,-1
4751,-1
4752,-1
4753,-1
4754,-1
4755,-1
4756,-1
4757,-1
4758,-1
4759,-1
4760,-1
4761,-1
4762,-1
4763,-1
4764,-1
4765,-1
4766,-1
4767,-1
4768,-1
4769,-1
4770,-1
4771,-1
4772,-1
4773,-1
4774,-1
4775,-1
4776,-1
4777,-1
4778,-1
4779,-1
4780,-1
4781,-1
4782,-1
4783,-1
4784,-1
4785,-1
4786,-1
4787,-1
4788,-1
4789,-1
4790,-1
4791,-1
4792,-1
4793,-1
4794,-1
4795,-1
4796,-1
4797,-1
4798,-1
4799,-1
4800,-1
4801,-1
4802,-1
4803,-1
4804,-1
4805,-1
4806,-1
4807,-1
4808,-1
4809,-1
4810,-1
4811,-1
4812,-1
4813,-1
4814,-1
4815,-1
4816,-1
4817,-1
4818,-1
4819,-1
4820,-1
4821,-1
4822,-1
4823,-1
4824,-1
4825,-1
4826,-1
4827,-1
4828,-1
4829,-1
4830,-1
4831,-1
4832,-1
4833,-1
4834,-1
4835,-1
4836,-1
4837,-1
4838,-1
4839,-1
4840,-1
4841,-1
4842,-1
4843,-1
4844,-1
4845,-1
4846,-1
4847,-1
4848,-1
4849,-1
4850,-1
4851,-1
4852,-1
4853,-1
4854,-1
4855,-1
4856,-1
4857,-1
4858,-1
4859,-1
4860,186
4861,186
4862,187
4863,189
4864,189
4865,190
4866,191
4867,192
4868,193
4869,187
4870,187
4871,189
4872,190
4873,190
4874,191
4875,192
4876,193
4877,194
4878,187
4879,187
4880,189
4881,190
4882,190
4883,191
4884,192
4885,193
4886,194
4887,187
4888,188
4889,190
4890,191
4891,191
4892,193
4893,194
4894,194
4895,196
4896,188
4897,189
4898,190
4899,191
4900,192
4901,193
4902,194
4903,195
4904,196
4905,188
4906,189
4907,190
4908,191
4909,192
4910,193
4911,194
4912,195
4913,196
4914,189
4915,190
4916,191
4917,192
4918,193
4919,194
4920,195
4921,196
4922,197
4923,198
4924,199
4925,200
4926,-1
4927,-1
4928,-1
4929,-1
4930,-1
4931,-1
4932,-1
4933,-1
4934,-1
4935,-1
4936,-1
4937,-1
4938,-1
4939,-1
4940,-1
4941,-1
4942,-1
4943,-1
4944,-1
4945,-1
4946,-1
4947,-1
4948,-1
4949,-1
4950,-1
4951,-1
4952,-1
4953,-1
4954,-1
4955,-1
4956,-1
4957,-1
4958,-1
4959,-1
4960,-1
4961,-1
4962,-1
4963,-1
4964,-1
4965,-1
4966,-1
4967,-1
4968,-1
4969,-1
4970,-1
4971,-1
4972,-1
4973,-1
4974,-1
4975,-1
4976,-1
4977,-1
4978,-1
4979,-1
4980,-1
4981,-1
4982,-1
4983,-1
4984,-1
4985,-1
4986,-1
4987,-1
4988,-1
4989,-1
4990,-1
4991,-1
4992,-1
4993,-1
4994,-1
4995,-1
4996,-1
4997,-1
4998,-1
4999,-1
5000,-1
5001,-1
5002,-1
5003,-1
5004,-1
5005,-1
5006,-1
5007,-1
5008,-1
5009,-1
5010,-1
5011,-1
5012,-1
5013,-1
5014,-1
5015,-1
5016,-1
5017,-1
5018,-1
5019,-1
5020,-1
5021,-1
5022,-1
5023,-1
5024,-1
5025,-1
5026,-1
5027,-1
5028,-1
5029,-1
5030,-1
5031,-1
5032,-1
5033,-1
5034,-1
5035,-1
5036,-1
5037,-1
5038,-1
5039,-1
5040,-1
5041,-1
5042,-1
5043,-1
5044,-1
5045,-1
5046,-1
5047,-1
5048,-1
5049,-1
5050,-1
5051,-1
5052,-1
5053,-1
5054,-1
5055,-1
5056,-1
5057,-1
5058,-1
5059,-1
5060,-1
5061,-1
5062,-1
5063,-1
5064,-1
5065,-1
5066,-1
5067,-1
5068,-1
5069,-1
5070,-1
5071,-1
5072,-1
5073,-1
5074,-1
5075,-1
5076,-1
5077,-1
5078,-1
5079,-1
5080,-1
5081,-1
5082,-1
5083,-1
5084,-1
5085,-1
5086,-1
5087,-1
5088,-1
5089,-1
5090,-1
5091,-1
5092,-1
5093,-1
5094,-1
5095,-1
5096,-1
5097,-1
5098,-1
5099,-1
5100,-1
5101,-1
5102,-1
5103,196
5104,196
5105,198
5106,199
5107,199
5108,200
5109,-1
5110,-1
5111,-1
5112,196
5113,196
5114,198
5115,199
5116,199
5117,200
5118,-1
5119,-1
5120,-1
5121,196
5122,197
5123,199
5124,200
5125,200
5126,-1
5127,-1
5128,-1
5129,-1
5130,197
5131,198
5132,199
5133,200
5134,-1
5135,-1
5136,-1
5137,-1
5138,-1
5139,197
5140,198
5141,199
5142,200
5143,-1
5144,-1
5145,-1
5146,-1
5147,-1
5148,198
5149,199
5150,200
5151,-1
5152,-1
5153,-1
5154,-1
5155,-1
5156,-1
5157,-1
5158,-1
5159,-1
5160,-1
5161,-1
5162,-1
5163,-1
5164,-1
5165,-1
5166,-1
5167,-1
5168,-1
5169,-1
5170,-1
5171,-1
5172,-1
5173,-1
5174,-1
5175,-1
5176,-1
5177,-1
5178,-1
5179,-1
5180,-1
5181,-1
5182,-1
5183,-1
5184,-1
5185,-1
5186,-1
5187,-1
5188,-1
5189,-1
5190,-1
5191,-1
5192,-1
5193,-1
5194,-1
5195,-1
5196,-1
5197,-1
5198,-1
5199,-1
