x, n0
0, 0
1, 0
2, 1
3, 1
4, 2
5, 3
6, 3
7, 4
8, 6
9, 4
10, 5
11, 6
12, 6
13, 7
14, 9
15, 13
16, 14
17, 16
18, 9
19, 10
20, 12
21, 16
22, 17
23, 19
24, 20
25, 22
26, 27
27, 13
28, 14
29, 15
30, 15
31, 16
32, 18
33, 22
34, 23
35, 25
36, 18
37, 19
38, 21
39, 25
40, 26
41, 28
42, 29
43, 31
44, 36
45, 45
46, 48
47, 51
48, 51
49, 55
50, 59
51, 58
52, 63
53, 67
54, 27
55, 28
56, 30
57, 34
58, 35
59, 37
60, 38
61, 40
62, 45
63, 54
64, 57
65, 60
66, 60
67, 63
68, 66
69, 67
70, 72
71, 76
72, 69
73, 73
74, 77
75, 76
76, 81
77, 85
78, 96
79, 96
80, 108
81, 40
82, 41
83, 42
84, 42
85, 43
86, 45
87, 49
88, 50
89, 52
90, 45
91, 46
92, 48
93, 52
94, 53
95, 55
96, 56
97, 58
98, 63
99, 72
100, 75
101, 78
102, 78
103, 82
104, 86
105, 85
106, 90
107, 94
108, 54
109, 55
110, 57
111, 61
112, 62
113, 64
114, 65
115, 67
116, 72
117, 81
118, 84
119, 87
120, 87
121, 90
122, 93
123, 94
124, 99
125, 103
126, 96
127, 100
128, 104
129, 103
130, 108
131, 112
132, 123
133, 123
134, 135
135, 145
136, 149
137, 154
138, 159
139, 163
140, 171
141, 178
142, 186
143, 193
144, 168
145, 172
146, 180
147, 187
148, 195
149, 202
150, 203
151, 216
152, 225
153, 196
154, 204
155, 211
156, 213
157, 223
158, 234
159, 232
160, 243
161, 252
162, 81
163, 82
164, 84
165, 88
166, 89
167, 91
168, 92
169, 94
170, 99
171, 108
172, 111
173, 114
174, 114
175, 117
176, 120
177, 121
178, 126
179, 130
180, 123
181, 127
182, 131
183, 130
184, 135
185, 139
186, 150
187, 150
188, 162
189, 172
190, 176
191, 181
192, 186
193, 190
194, 198
195, 205
196, 213
197, 220
198, 195
199, 199
200, 207
201, 208
202, 222
203, 229
204, 231
205, 243
206, 252
207, 217
208, 225
209, 238
210, 240
211, 247
212, 261
213, 261
214, 270
215, 283
216, 222
217, 226
218, 234
219, 241
220, 249
221, 256
222, 263
223, 270
224, 279
225, 250
226, 258
227, 265
228, 272
229, 279
230, 288
231, 288
232, 297
233, 310
234, 299
235, 306
236, 317
237, 315
238, 326
239, 337
240, 370
241, 376
242, -1
243, 121
244, 122
245, 123
246, 123
247, 124
248, 126
249, 130
250, 131
251, 133
252, 126
253, 127
254, 129
255, 133
256, 134
257, 136
258, 137
259, 139
260, 144
261, 153
262, 156
263, 159
264, 159
265, 163
266, 167
267, 166
268, 171
269, 175
270, 135
271, 136
272, 138
273, 142
274, 143
275, 145
276, 146
277, 148
278, 153
279, 162
280, 165
281, 168
282, 168
283, 171
284, 174
285, 175
286, 180
287, 184
288, 177
289, 181
290, 185
291, 184
292, 189
293, 193
294, 204
295, 204
296, 216
297, 226
298, 230
299, 235
300, 240
301, 244
302, 252
303, 259
304, 267
305, 274
306, 249
307, 253
308, 261
309, 268
310, 276
311, 283
312, 284
313, 297
314, 306
315, 277
316, 285
317, 292
318, 294
319, 304
320, 315
321, 313
322, 324
323, 333
324, 162
325, 163
326, 165
327, 169
328, 170
329, 172
330, 173
331, 175
332, 180
333, 189
334, 192
335, 195
336, 195
337, 198
338, 201
339, 202
340, 207
341, 211
342, 204
343, 208
344, 212
345, 211
346, 216
347, 220
348, 231
349, 231
350, 243
351, 253
352, 257
353, 262
354, 267
355, 271
356, 279
357, 286
358, 294
359, 301
360, 276
361, 280
362, 288
363, 289
364, 303
365, 310
366, 312
367, 324
368, 333
369, 298
370, 306
371, 319
372, 321
373, 328
374, 342
375, 342
376, 351
377, 364
378, 303
379, 307
380, 315
381, 322
382, 330
383, 337
384, 344
385, 351
386, 360
387, 331
388, 339
389, 346
390, 353
391, 360
392, 369
393, 369
394, 378
395, 391
396, 380
397, 387
398, 398
399, 396
400, -1
401, -1
402, -1
403, -1
404, -1
405, -1
406, -1
407, -1
408, -1
409, -1
410, -1
411, -1
412, -1
413, -1
414, -1
415, -1
416, -1
417, -1
418, -1
419, -1
420, -1
421, -1
422, -1
423, -1
424, -1
425, -1
426, -1
427, -1
428, -1
429, -1
430, -1
431, -1
432, -1
433, -1
434, -1
435, -1
436, -1
437, -1
438, -1
439, -1
440, -1
441, -1
442, -1
443, -1
444, -1
445, -1
446, -1
447, -1
448, -1
449, -1
450, -1
451, -1
452, -1
453, -1
454, -1
455, -1
456, -1
457, -1
458, -1
459, -1
460, -1
461, -1
462, -1
463, -1
464, -1
465, -1
466, -1
467, -1
468, -1
469, -1
470, -1
471, -1
472, -1
473, -1
474, -1
475, -1
476, -1
477, -1
478, -1
479, -1
480, -1
481, -1
482, -1
483, -1
484, -1
485, -1
486, 243
487, 244
488, 246
489, 250
490, 251
491, 253
492, 254
493, 256
494, 261
495, 270
496, 273
497, 276
498, 276
499, 279
500, 282
501, 283
502, 288
503, 292
504, 285
505, 289
506, 293
507, 292
508, 297
509, 301
510, 312
511, 312
512, 324
513, 334
514, 338
515, 343
516, 348
517, 352
518, 360
519, 367
520, 375
521, 382
522, 357
523, 361
524, 369
525, 370
526, 384
527, 391
528, 393
529, -1
530, -1
531, 379
532, 387
533, 400
534, -1
535, -1
536, -1
537, -1
538, -1
539, -1
540, 384
541, 388
542, 396
543, -1
544, -1
545, -1
546, -1
547, -1
548, -1
549, -1
550, -1
551, -1
552, -1
553, -1
554, -1
555, -1
556, -1
557, -1
558, -1
559, -1
560, -1
561, -1
562, -1
563, -1
564, -1
565, -1
566, -1
567, -1
568, -1
569, -1
570, -1
571, -1
572, -1
573, -1
574, -1
575, -1
576, -1
577, -1
578, -1
579, -1
580, -1
581, -1
582, -1
583, -1
584, -1
585, -1
586, -1
587, -1
588, -1
589, -1
590, -1
591, -1
592, -1
593, -1
594, -1
595, -1
596, -1
597, -1
598, -1
599, -1
600, -1
601, -1
602, -1
603, -1
604, -1
605, -1
606, -1
607, -1
608, -1
609, -1
610, -1
611, -1
612, -1
613, -1
614, -1
615, -1
616, -1
617, -1
618, -1
619, -1
620, -1
621, -1
622, -1
623, -1
624, -1
625, -1
626, -1
627, -1
628, -1
629, -1
630, -1
631, -1
632, -1
633, -1
634, -1
635, -1
636, -1
637, -1
638, -1
639, -1
640, -1
641, -1
642, -1
643, -1
644, -1
645, -1
646, -1
647, -1
648, -1
649, -1
650, -1
651, -1
652, -1
653, -1
654, -1
655, -1
656, -1
657, -1
658, -1
659, -1
660, -1
661, -1
662, -1
663, -1
664, -1
665, -1
666, -1
667, -1
668, -1
669, -1
670, -1
671, -1
672, -1
673, -1
674, -1
675, -1
676, -1
677, -1
678, -1
679, -1
680, -1
681, -1
682, -1
683, -1
684, -1
685, -1
686, -1
687, -1
688, -1
689, -1
690, -1
691, -1
692, -1
693, -1
694, -1
695, -1
696, -1
697, -1
698, -1
699, -1
700, -1
701, -1
702, -1
703, -1
704, -1
705, -1
706, -1
707, -1
708, -1
709, -1
710, -1
711, -1
712, -1
713, -1
714, -1
715, -1
716, -1
717, -1
718, -1
719, -1
720, -1
721, -1
722, -1
723, -1
724, -1
725, -1
726, -1
727, -1
728, -1
729, 364
730, 365
731, 366
732, 366
733, 367
734, 369
735, 373
736, 374
737, 376
738, 369
739, 370
740, 372
741, 376
742, 377
743, 379
744, 380
745, 382
746, 387
747, 396
748, 399
749, -1
750, -1
751, -1
752, -1
753, -1
754, -1
755, -1
756, 378
757, 379
758, 381
759, 385
760, 386
761, 388
762, 389
763, 391
764, 396
765, -1
766, -1
767, -1
768, -1
769, -1
770, -1
771, -1
772, -1
773, -1
774, -1
775, -1
776, -1
777, -1
778, -1
779, -1
780, -1
781, -1
782, -1
783, -1
784, -1
785, -1
786, -1
787, -1
788, -1
789, -1
790, -1
791, -1
792, -1
793, -1
794, -1
795, -1
796, -1
797, -1
798, -1
799, -1
