x, n0
0, 0
1, 0
2, 0
3, 0
4, 1
5, 1
6, 1
7, 1
8, 2
9, 3
10, 2
11, 2
12, 3
13, 4
14, 5
15, 3
16, 4
17, 5
18, 6
19, 7
20, 5
21, 6
22, 7
23, 8
24, 10
25, 6
26, 6
27, 6
28, 7
29, 8
30, 7
31, 7
32, 8
33, 9
34, 10
35, 8
36, 9
37, 10
38, 11
39, 12
40, 10
41, 11
42, 12
43, 13
44, 15
45, 21
46, 22
47, 23
48, 24
49, 26
50, 12
51, 12
52, 13
53, 14
54, 15
55, 13
56, 14
57, 15
58, 16
59, 17
60, 15
61, 16
62, 17
63, 18
64, 20
65, 26
66, 27
67, 28
68, 29
69, 31
70, 36
71, 36
72, 38
73, 40
74, 42
75, 18
76, 19
77, 20
78, 21
79, 22
80, 20
81, 21
82, 22
83, 23
84, 25
85, 31
86, 32
87, 33
88, 34
89, 36
90, 41
91, 41
92, 43
93, 45
94, 47
95, 46
96, 48
97, 50
98, 56
99, 56
100, 25
101, 26
102, 27
103, 28
104, 30
105, 36
106, 37
107, 38
108, 39
109, 41
110, 42
111, 43
112, 44
113, 46
114, 52
115, 51
116, 53
117, 55
118, 57
119, 63
120, 58
121, 60
122, 62
123, 68
124, 75
125, 31
126, 31
127, 31
128, 32
129, 33
130, 32
131, 32
132, 33
133, 34
134, 35
135, 33
136, 34
137, 35
138, 36
139, 37
140, 35
141, 36
142, 37
143, 38
144, 40
145, 46
146, 47
147, 48
148, 49
149, 51
150, 37
151, 37
152, 38
153, 39
154, 40
155, 38
156, 39
157, 40
158, 41
159, 42
160, 40
161, 41
162, 42
163, 43
164, 45
165, 51
166, 52
167, 53
168, 54
169, 56
170, 61
171, 61
172, 63
173, 65
174, 67
175, 43
176, 44
177, 45
178, 46
179, 47
180, 45
181, 46
182, 47
183, 48
184, 50
185, 56
186, 57
187, 58
188, 59
189, 61
190, 66
191, 66
192, 68
193, 70
194, 72
195, 71
196, 73
197, 75
198, 81
199, 81
200, 50
201, 51
202, 52
203, 53
204, 55
205, 61
206, 62
207, 63
208, 64
209, 66
210, 67
211, 68
212, 69
213, 71
214, 77
215, 76
216, 78
217, 80
218, 82
219, 88
220, 83
221, 85
222, 87
223, 93
224, 100
225, 116
226, 121
227, 123
228, 130
229, 136
230, 126
231, 128
232, 135
233, 141
234, 146
235, 133
236, 140
237, 146
238, 151
239, 157
240, 145
241, 151
242, 156
243, 162
244, 169
245, 156
246, 162
247, 168
248, 175
249, 181
250, 62
251, 62
252, 63
253, 64
254, 65
255, 63
256, 64
257, 65
258, 66
259, 67
260, 65
261, 66
262, 67
263, 68
264, 70
265, 76
266, 77
267, 78
268, 79
269, 81
270, 86
271, 86
272, 88
273, 90
274, 92
275, 68
276, 69
277, 70
278, 71
279, 72
280, 70
281, 71
282, 72
283, 73
284, 75
285, 81
286, 82
287, 83
288, 84
289, 86
290, 91
291, 91
292, 93
293, 95
294, 97
295, 96
296, 98
297, 100
298, 106
299, 106
300, 75
301, 76
302, 77
303, 78
304, 80
305, 86
306, 87
307, 88
308, 89
309, 91
310, 92
311, 93
312, 94
313, 96
314, 102
315, 101
316, 103
317, 105
318, 107
319, 113
320, 108
321, 110
322, 112
323, 118
324, 125
325, 141
326, 146
327, 148
328, 155
329, 161
330, 151
331, 153
332, 160
333, 166
334, 171
335, 158
336, 165
337, 171
338, 176
339, 182
340, 170
341, 176
342, 181
343, 187
344, 194
345, 181
346, 187
347, 193
348, 200
349, -1
350, -1
351, -1
352, -1
353, -1
354, -1
355, -1
356, -1
357, -1
358, -1
359, -1
360, -1
361, -1
362, -1
363, -1
364, -1
365, -1
366, -1
367, -1
368, -1
369, -1
370, -1
371, -1
372, -1
373, -1
374, -1
375, 93
376, 94
377, 95
378, 96
379, 97
380, 95
381, 96
382, 97
383, 98
384, 100
385, 106
386, 107
387, 108
388, 109
389, 111
390, 116
391, 116
392, 118
393, 120
394, 122
395, 121
396, 123
397, 125
398, 131
399, 131
400, 100
401, 101
402, 102
403, 103
404, 105
405, 111
406, 112
407, 113
408, 114
409, 116
410, 117
411, 118
412, 119
413, 121
414, 127
415, 126
416, 128
417, 130
418, 132
419, 138
420, 133
421, 135
422, 137
423, 143
424, 150
425, 166
426, 171
427, 173
428, 180
429, 186
430, 176
431, 178
432, 185
433, 191
434, 196
435, 183
436, 190
437, 196
438, -1
439, -1
440, 195
441, -1
442, -1
443, -1
444, -1
445, -1
446, -1
447, -1
448, -1
449, -1
450, -1
451, -1
452, -1
453, -1
454, -1
455, -1
456, -1
457, -1
458, -1
459, -1
460, -1
461, -1
462, -1
463, -1
464, -1
465, -1
466, -1
467, -1
468, -1
469, -1
470, -1
471, -1
472, -1
473, -1
474, -1
475, -1
476, -1
477, -1
478, -1
479, -1
480, -1
481, -1
482, -1
483, -1
484, -1
485, -1
486, -1
487, -1
488, -1
489, -1
490, -1
491, -1
492, -1
493, -1
494, -1
495, -1
496, -1
497, -1
498, -1
499, -1
500, 125
501, 126
502, 127
503, 128
504, 130
505, 136
506, 137
507, 138
508, 139
509, 141
510, 142
511, 143
512, 144
513, 146
514, 152
515, 151
516, 153
517, 155
518, 157
519, 163
520, 158
521, 160
522, 162
523, 168
524, 175
525, 191
526, 196
527, 198
528, -1
529, -1
530, -1
531, -1
532, -1
533, -1
534, -1
535, -1
536, -1
537, -1
538, -1
539, -1
540, -1
541, -1
542, -1
543, -1
544, -1
545, -1
546, -1
547, -1
548, -1
549, -1
550, -1
551, -1
552, -1
553, -1
554, -1
555, -1
556, -1
557, -1
558, -1
559, -1
560, -1
561, -1
562, -1
563, -1
564, -1
565, -1
566, -1
567, -1
568, -1
569, -1
570, -1
571, -1
572, -1
573, -1
574, -1
575, -1
576, -1
577, -1
578, -1
579, -1
580, -1
581, -1
582, -1
583, -1
584, -1
585, -1
586, -1
587, -1
588, -1
589, -1
590, -1
591, -1
592, -1
593, -1
594, -1
595, -1
596, -1
597, -1
598, -1
599, -1
600, -1
601, -1
602, -1
603, -1
604, -1
605, -1
606, -1
607, -1
608, -1
609, -1
610, -1
611, -1
612, -1
613, -1
614, -1
615, -1
616, -1
617, -1
618, -1
619, -1
620, -1
621, -1
622, -1
623, -1
624, -1
625, 156
626, 156
627, 156
628, 157
629, 158
630, 157
631, 157
632, 158
633, 159
634, 160
635, 158
636, 159
637, 160
638, 161
639, 162
640, 160
641, 161
642, 162
643, 163
644, 165
645, 171
646, 172
647, 173
648, 174
649, 176
650, 162
651, 162
652, 163
653, 164
654, 165
655, 163
656, 164
657, 165
658, 166
659, 167
660, 165
661, 166
662, 167
663, 168
664, 170
665, 176
666, 177
667, 178
668, 179
669, 181
670, 186
671, 186
672, 188
673, 190
674, 192
675, 168
676, 169
677, 170
678, 171
679, 172
680, 170
681, 171
682, 172
683, 173
684, 175
685, 181
686, 182
687, 183
688, 184
689, 186
690, 191
691, 191
692, 193
693, 195
694, 197
695, 196
696, 198
697, 200
698, -1
699, -1
700, 175
701, 176
702, 177
703, 178
704, 180
705, 186
706, 187
707, 188
708, 189
709, 191
710, 192
711, 193
712, 194
713, 196
714, -1
715, -1
716, -1
717, -1
718, -1
719, -1
720, -1
721, -1
722, -1
723, -1
724, -1
725, -1
726, -1
727, -1
728, -1
729, -1
730, -1
731, -1
732, -1
733, -1
734, -1
735, -1
736, -1
737, -1
738, -1
739, -1
740, -1
741, -1
742, -1
743, -1
744, -1
745, -1
746, -1
747, -1
748, -1
749, -1
750, 187
751, 187
752, 188
753, 189
754, 190
755, 188
756, 189
757, 190
758, 191
759, 192
760, 190
761, 191
762, 192
763, 193
764, 195
765, -1
766, -1
767, -1
768, -1
769, -1
770, -1
771, -1
772, -1
773, -1
774, -1
775, 193
776, 194
777, 195
778, 196
779, 197
780, 195
781, 196
782, 197
783, 198
784, 200
785, -1
786, -1
787, -1
788, -1
789, -1
790, -1
791, -1
792, -1
793, -1
794, -1
795, -1
796, -1
797, -1
798, -1
799, -1
800, 200
801, -1
802, -1
803, -1
804, None
