x, n0
0, 0
1, 0
2, 0
3, 0
4, 0
5, 0
6, 0
7, 1
8, 1
9, 2
10, 1
11, 2
12, 1
13, 2
14, 2
15, 3
16, 2
17, 2
18, 4
19, 4
20, 2
21, 3
22, 5
23, 5
24, 3
25, 4
26, 5
27, 6
28, 4
29, 5
30, 6
31, 7
32, 4
33, 4
34, 4
35, 5
36, 5
37, 6
38, 5
39, 6
40, 5
41, 6
42, 6
43, 7
44, 8
45, 9
46, 10
47, 11
48, 6
49, 7
50, 9
51, 9
52, 7
53, 8
54, 9
55, 10
56, 8
57, 9
58, 10
59, 11
60, 12
61, 13
62, 14
63, 16
64, 9
65, 10
66, 9
67, 10
68, 9
69, 10
70, 10
71, 11
72, 20
73, 21
74, 22
75, 23
76, 24
77, 26
78, 27
79, 28
80, 11
81, 12
82, 13
83, 14
84, 12
85, 13
86, 14
87, 15
88, 24
89, 25
90, 26
91, 28
92, 29
93, 30
94, 31
95, 32
96, 13
97, 14
98, 14
99, 15
100, 16
101, 17
102, 18
103, 19
104, 28
105, 30
106, 31
107, 32
108, 32
109, 34
110, 34
111, 36
112, 16
113, 17
114, 18
115, 19
116, 20
117, 21
118, 22
119, 24
120, 33
121, 34
122, 35
123, 36
124, 37
125, 38
126, 40
127, 41
128, 18
129, 18
130, 20
131, 20
132, 18
133, 19
134, 21
135, 21
136, 19
137, 20
138, 21
139, 22
140, 20
141, 21
142, 22
143, 23
144, 40
145, 40
146, 42
147, 43
148, 44
149, 45
150, 46
151, 47
152, 48
153, 50
154, 51
155, 53
156, 53
157, 55
158, 55
159, 57
160, 22
161, 23
162, 25
163, 25
164, 23
165, 24
166, 25
167, 26
168, 24
169, 25
170, 26
171, 27
172, 28
173, 29
174, 30
175, 32
176, 48
177, 49
178, 50
179, 51
180, 52
181, 53
182, 55
183, 56
184, 58
185, 59
186, 60
187, 61
188, 61
189, 64
190, 65
191, 66
192, 27
193, 28
194, 29
195, 30
196, 28
197, 29
198, 30
199, 31
200, 40
201, 41
202, 42
203, 44
204, 45
205, 46
206, 47
207, 48
208, 57
209, 58
210, 60
211, 61
212, 60
213, 61
214, 64
215, 65
216, 66
217, 76
218, 69
219, 78
220, 71
221, 78
222, 73
223, 82
224, 32
225, 33
226, 34
227, 35
228, 36
229, 37
230, 38
231, 40
232, 49
233, 57
234, 51
235, 59
236, 53
237, 61
238, 56
239, 64
240, 66
241, 67
242, 68
243, 69
244, 68
245, 70
246, 73
247, 74
248, 75
249, 83
250, 77
251, 86
252, 80
253, 87
254, 82
255, 91
256, 36
257, 36
258, 36
259, 37
260, 37
261, 38
262, 37
263, 38
264, 37
265, 38
266, 38
267, 39
268, 40
269, 41
270, 42
271, 43
272, 38
273, 39
274, 41
275, 41
276, 39
277, 40
278, 41
279, 42
280, 40
281, 41
282, 42
283, 43
284, 44
285, 45
286, 46
287, 48
288, 41
289, 42
290, 41
291, 42
292, 41
293, 42
294, 42
295, 43
296, 52
297, 53
298, 54
299, 55
300, 56
301, 58
302, 59
303, 60
304, 43
305, 44
306, 45
307, 46
308, 44
309, 45
310, 46
311, 47
312, 56
313, 57
314, 58
315, 60
316, 61
317, 62
318, 63
319, 64
320, 45
321, 46
322, 46
323, 47
324, 48
325, 49
326, 50
327, 51
328, 60
329, 62
330, 63
331, 64
332, 64
333, 66
334, 66
335, 68
336, 48
337, 49
338, 50
339, 51
340, 52
341, 53
342, 54
343, 56
344, 65
345, 66
346, 67
347, 68
348, 69
349, 70
350, 72
351, 73
352, 82
353, 83
354, 84
355, 85
356, 84
357, 86
358, 89
359, 90
360, 98
361, 99
362, 101
363, 102
364, 102
365, 103
366, 106
367, 107
368, 108
369, 115
370, 117
371, 120
372, 113
373, 120
374, 123
375, 124
376, 123
377, 132
378, 128
379, 137
380, 128
381, 137
382, 132
383, 141
384, 54
385, 55
386, 57
387, 57
388, 55
389, 56
390, 57
391, 58
392, 56
393, 57
394, 58
395, 59
396, 60
397, 61
398, 62
399, 64
400, 80
401, 81
402, 82
403, 83
404, 84
405, 85
406, 87
407, 88
408, 90
409, 91
410, 92
411, 93
412, 93
413, 96
414, 97
415, 98
416, 59
417, 60
418, 61
419, 62
420, 60
421, 61
422, 62
423, 63
424, 72
425, 73
426, 74
427, 76
428, 77
429, 78
430, 79
431, 80
432, 89
433, 90
434, 92
435, 93
436, 92
437, 93
438, 96
439, 97
440, 98
441, 108
442, 101
443, 110
444, 103
445, 110
446, 105
447, 114
448, 64
449, 65
450, 66
451, 67
452, 68
453, 69
454, 70
455, 72
456, 81
457, 89
458, 83
459, 91
460, 85
461, 93
462, 88
463, 96
464, 98
465, 99
466, 100
467, 101
468, 100
469, 102
470, 105
471, 106
472, 107
473, 115
474, 109
475, 118
476, 112
477, 119
478, 114
479, 130
480, 116
481, 117
482, 133
483, 136
484, 121
485, 122
486, 139
487, 140
488, 133
489, 140
490, 144
491, 153
492, 138
493, 146
494, 148
495, 157
496, 149
497, 152
498, 165
499, 166
500, 155
501, 156
502, 173
503, 174
504, 160
505, 169
506, 178
507, 183
508, 164
509, 173
510, 182
511, 192
512, 73
513, 74
514, 73
515, 74
516, 73
517, 74
518, 74
519, 75
520, 84
521, 85
522, 86
523, 87
524, 88
525, 90
526, 91
527, 92
528, 75
529, 76
530, 77
531, 78
532, 76
533, 77
534, 78
535, 79
536, 88
537, 89
538, 90
539, 92
540, 93
541, 94
542, 95
543, 96
544, 77
545, 78
546, 78
547, 79
548, 80
549, 81
550, 82
551, 83
552, 92
553, 94
554, 95
555, 96
556, 96
557, 98
558, 98
559, 100
560, 80
561, 81
562, 82
563, 83
564, 84
565, 85
566, 86
567, 88
568, 97
569, 98
570, 99
571, 100
572, 101
573, 102
574, 104
575, 105
576, 178
577, 179
578, 186
579, 195
580, 188
581, 195
582, 191
583, 200
584, 194
585, -1
586, -1
587, -1
588, -1
589, -1
590, -1
591, -1
592, -1
593, -1
594, -1
595, -1
596, -1
597, -1
598, -1
599, -1
600, -1
601, -1
602, -1
603, -1
604, -1
605, -1
606, -1
607, -1
608, -1
609, -1
610, -1
611, -1
612, -1
613, -1
614, -1
615, -1
616, -1
617, -1
618, -1
619, -1
620, -1
621, -1
622, -1
623, -1
624, -1
625, -1
626, -1
627, -1
628, -1
629, -1
630, -1
631, -1
632, -1
633, -1
634, -1
635, -1
636, -1
637, -1
638, -1
639, -1
640, 91
641, 92
642, 93
643, 94
644, 92
645, 93
646, 94
647, 95
648, 104
649, 105
650, 106
651, 108
652, 109
653, 110
654, 111
655, 112
656, 121
657, 122
658, 124
659, 125
660, 124
661, 125
662, 128
663, 129
664, 130
665, 140
666, 133
667, 142
668, 135
669, 142
670, 137
671, 146
672, 96
673, 97
674, 98
675, 99
676, 100
677, 101
678, 102
679, 104
680, 113
681, 121
682, 115
683, 123
684, 117
685, 125
686, 120
687, 128
688, 130
689, 131
690, 132
691, 133
692, 132
693, 134
694, 137
695, 138
696, 139
697, 147
698, 141
699, 150
700, 144
701, 151
702, 146
703, 155
704, -1
705, -1
706, -1
707, -1
708, -1
709, -1
710, -1
711, -1
712, -1
713, -1
714, -1
715, -1
716, -1
717, -1
718, -1
719, -1
720, -1
721, -1
722, -1
723, -1
724, -1
725, -1
726, -1
727, -1
728, -1
729, -1
730, -1
731, -1
732, -1
733, -1
734, -1
735, -1
736, -1
737, -1
738, -1
739, -1
740, -1
741, -1
742, -1
743, -1
744, -1
745, -1
746, -1
747, -1
748, -1
749, -1
750, -1
751, -1
752, -1
753, -1
754, -1
755, -1
756, -1
757, -1
758, -1
759, -1
760, -1
761, -1
762, -1
763, -1
764, -1
765, -1
766, -1
767, -1
768, 109
769, 110
770, 110
771, 111
772, 112
773, 113
774, 114
775, 115
776, 124
777, 126
778, 127
779, 128
780, 128
781, 130
782, 130
783, 132
784, 112
785, 113
786, 114
787, 115
788, 116
789, 117
790, 118
791, 120
792, 129
793, 130
794, 131
795, 132
796, 133
797, 134
798, 136
799, 137
800, 146
801, 147
802, 148
803, 149
804, 148
805, 150
806, 153
807, 154
808, 162
809, 163
810, 165
811, 166
812, 166
813, 167
814, 170
815, 171
816, 172
817, 179
818, 181
819, 184
820, 177
821, 184
822, 187
823, 188
824, 187
825, 196
826, 192
827, -1
828, 192
829, -1
830, 196
831, -1
832, -1
833, -1
834, -1
835, -1
836, -1
837, -1
838, -1
839, -1
840, -1
841, -1
842, -1
843, -1
844, -1
845, -1
846, -1
847, -1
848, -1
849, -1
850, -1
851, -1
852, -1
853, -1
854, -1
855, -1
856, -1
857, -1
858, -1
859, -1
860, -1
861, -1
862, -1
863, -1
864, -1
865, -1
866, -1
867, -1
868, -1
869, -1
870, -1
871, -1
872, -1
873, -1
874, -1
875, -1
876, -1
877, -1
878, -1
879, -1
880, -1
881, -1
882, -1
883, -1
884, -1
885, -1
886, -1
887, -1
888, -1
889, -1
890, -1
891, -1
892, -1
893, -1
894, -1
895, -1
896, 128
897, 129
898, 130
899, 131
900, 132
901, 133
902, 134
903, 136
904, 145
905, 153
906, 147
907, 155
908, 149
909, 157
910, 152
911, 160
912, 162
913, 163
914, 164
915, 165
916, 164
917, 166
918, 169
919, 170
920, 171
921, 179
922, 173
923, 182
924, 176
925, 183
926, 178
927, 194
928, 180
929, 181
930, 197
931, 200
932, 185
933, 186
934, -1
935, -1
936, 197
937, -1
938, -1
939, -1
940, -1
941, -1
942, -1
943, -1
944, -1
945, -1
946, -1
947, -1
948, -1
949, -1
950, -1
951, -1
952, -1
953, -1
954, -1
955, -1
956, -1
957, -1
958, -1
959, -1
960, -1
961, -1
962, -1
963, -1
964, -1
965, -1
966, -1
967, -1
968, -1
969, -1
970, -1
971, -1
972, -1
973, -1
974, -1
975, -1
976, -1
977, -1
978, -1
979, -1
980, -1
981, -1
982, -1
983, -1
984, -1
985, -1
986, -1
987, -1
988, -1
989, -1
990, -1
991, -1
992, -1
993, -1
994, -1
995, -1
996, -1
997, -1
998, -1
999, -1
1000, -1
1001, -1
1002, -1
1003, -1
1004, -1
1005, -1
1006, -1
1007, -1
1008, -1
1009, -1
1010, -1
1011, -1
1012, -1
1013, -1
1014, -1
1015, -1
1016, -1
1017, -1
1018, -1
1019, -1
1020, -1
1021, -1
1022, -1
1023, -1
1024, 146
1025, 146
1026, 148
1027, 148
1028, 146
1029, 147
1030, 149
1031, 149
1032, 147
1033, 148
1034, 149
1035, 150
1036, 148
1037, 149
1038, 150
1039, 151
1040, 168
1041, 168
1042, 170
1043, 171
1044, 172
1045, 173
1046, 174
1047, 175
1048, 176
1049, 178
1050, 179
1051, 181
1052, 181
1053, 183
1054, 183
1055, 185
1056, 150
1057, 151
1058, 153
1059, 153
1060, 151
1061, 152
1062, 153
1063, 154
1064, 152
1065, 153
1066, 154
1067, 155
1068, 156
1069, 157
1070, 158
1071, 160
1072, 176
1073, 177
1074, 178
1075, 179
1076, 180
1077, 181
1078, 183
1079, 184
1080, 186
1081, 187
1082, 188
1083, 189
1084, 189
1085, 192
1086, 193
1087, 194
1088, 155
1089, 156
1090, 157
1091, 158
1092, 156
1093, 157
1094, 158
1095, 159
1096, 168
1097, 169
1098, 170
1099, 172
1100, 173
1101, 174
1102, 175
1103, 176
1104, 185
1105, 186
1106, 188
1107, 189
1108, 188
1109, 189
1110, 192
1111, 193
1112, 194
1113, -1
1114, 197
1115, -1
1116, 199
1117, -1
1118, -1
1119, -1
1120, 160
1121, 161
1122, 162
1123, 163
1124, 164
1125, 165
1126, 166
1127, 168
1128, 177
1129, 185
1130, 179
1131, 187
1132, 181
1133, 189
1134, 184
1135, 192
1136, 194
1137, 195
1138, 196
1139, 197
1140, 196
1141, 198
1142, -1
1143, -1
1144, -1
1145, -1
1146, -1
1147, -1
1148, -1
1149, -1
1150, -1
1151, -1
1152, -1
1153, -1
1154, -1
1155, -1
1156, -1
1157, -1
1158, -1
1159, -1
1160, -1
1161, -1
1162, -1
1163, -1
1164, -1
1165, -1
1166, -1
1167, -1
1168, -1
1169, -1
1170, -1
1171, -1
1172, -1
1173, -1
1174, -1
1175, -1
1176, -1
1177, -1
1178, -1
1179, -1
1180, -1
1181, -1
1182, -1
1183, -1
1184, -1
1185, -1
1186, -1
1187, -1
1188, -1
1189, -1
1190, -1
1191, -1
1192, -1
1193, -1
1194, -1
1195, -1
1196, -1
1197, -1
1198, -1
1199, -1
1200, -1
1201, -1
1202, -1
1203, -1
1204, -1
1205, -1
1206, -1
1207, -1
1208, -1
1209, -1
1210, -1
1211, -1
1212, -1
1213, -1
1214, -1
1215, -1
1216, -1
1217, -1
1218, -1
1219, -1
1220, -1
1221, -1
1222, -1
1223, -1
1224, -1
1225, -1
1226, -1
1227, -1
1228, -1
1229, -1
1230, -1
1231, -1
1232, -1
1233, -1
1234, -1
1235, -1
1236, -1
1237, -1
1238, -1
1239, -1
1240, -1
1241, -1
1242, -1
1243, -1
1244, -1
1245, -1
1246, -1
1247, -1
1248, -1
1249, -1
1250, -1
1251, -1
1252, -1
1253, -1
1254, -1
1255, -1
1256, -1
1257, -1
1258, -1
1259, -1
1260, -1
1261, -1
1262, -1
1263, -1
1264, -1
1265, -1
1266, -1
1267, -1
1268, -1
1269, -1
1270, -1
1271, -1
1272, -1
1273, -1
1274, -1
1275, -1
1276, -1
1277, -1
1278, -1
1279, -1
1280, 182
1281, 183
1282, 185
1283, 185
1284, 183
1285, 184
1286, 185
1287, 186
1288, 184
1289, 185
1290, 186
1291, 187
1292, 188
1293, 189
1294, 190
1295, 192
1296, -1
1297, -1
1298, -1
1299, -1
1300, -1
1301, -1
1302, -1
1303, -1
1304, -1
1305, -1
1306, -1
1307, -1
1308, -1
1309, -1
1310, -1
1311, -1
1312, 187
1313, 188
1314, 189
1315, 190
1316, 188
1317, 189
1318, 190
1319, 191
1320, 200
1321, -1
1322, -1
1323, -1
1324, -1
1325, -1
1326, -1
1327, -1
1328, -1
1329, -1
1330, -1
1331, -1
1332, -1
1333, -1
1334, -1
1335, -1
1336, -1
1337, -1
1338, -1
1339, -1
1340, -1
1341, -1
1342, -1
1343, -1
1344, 192
1345, 193
1346, 194
1347, 195
1348, 196
1349, 197
1350, 198
1351, 200
1352, -1
1353, -1
1354, -1
1355, -1
1356, -1
1357, -1
1358, -1
1359, -1
1360, -1
1361, -1
1362, -1
1363, -1
1364, -1
1365, -1
1366, -1
1367, -1
1368, -1
1369, -1
1370, -1
1371, -1
1372, -1
1373, -1
1374, -1
1375, -1
1376, -1
1377, -1
1378, -1
1379, -1
1380, -1
1381, -1
1382, -1
1383, -1
1384, -1
1385, -1
1386, -1
1387, -1
1388, -1
1389, -1
1390, -1
1391, -1
1392, -1
1393, -1
1394, -1
1395, -1
1396, -1
1397, -1
1398, -1
1399, -1
