<<<<<<< HEAD
0,1,2,3,6,5,6,9,14,9,12,17,20,27,14,15,18,23,18,21,26,29,36,48,51,59,63,27,30,35,38,45,57,60,66,72,69,77,81,96,108,41,42,45,50,45,48,53,56,63,75,78,86,90,54,57,62,65,72,84,87,93,99,96,104,108,123,135,149,159,171,186,168,180,195,-1,-1,-1,-1,-1,-1,81,84,89,92,99,111,114,120,126,123,131,135,150,162,176,186,198,-1,195,-1,-1,-1,-1,-1,-1,-1,-1,-1,-1,-1,-1,-1,-1,-1,-1,-1,-1,-1,-1,-1,-1,122,123,126,131,126,129,134,137,144,156,159,167,171,135,138,143,146,153,165,168,174,180,177,185,189,-1,-1,-1,-1,-1,-1,-1,-1,-1,-1,-1,-1,-1,-1,-1,162,165,170,173,180,192,195,-1,-1,-1,-1,-1,-1,-1,-1,-1,-1,-1,-1,-1,-1,-1,-1,-1,-1,-1,-1,-1,-1,-1,-1,-1,-1,-1,-1,-1,-1,-1,-1
0,1,3,4,4,6,7,13,16,10,16,19,22,13,15,16,22,25,19,25,28,31,45,51,55,58,67,28,34,37,40,54,60,63,67,76,73,76,85,96,40,42,43,49,52,46,52,55,58,72,78,82,85,94,55,61,64,67,81,87,90,94,103,100,103,112,123,145,154,163,178,193,172,187,-1,-1,196,-1,-1,-1,-1,82,88,91,94,108,114,117,121,130,127,130,139,150,172,181,190,-1,-1,199,-1,-1,-1,-1,-1,-1,-1,-1,-1,-1,-1,-1,-1,-1,-1,-1,-1,-1,-1,-1,-1,121,123,124,130,133,127,133,136,139,153,159,163,166,175,136,142,145,148,162,168,171,175,184,181,184,193,-1,-1,-1,-1,-1,-1,-1,-1,-1,-1,-1,-1,-1,-1,-1,163,169,172,175,189,195,198,-1,-1,-1,-1,-1,-1,-1,-1,-1,-1,-1,-1,-1,-1,-1,-1,-1,-1,-1,-1,-1,-1,-1,-1,-1,-1,-1,-1,-1,-1,-1,-1
=======
x, n0
0, 0
1, 0
2, 1
3, 1
4, 2
5, 3
6, 3
7, 4
8, 6
9, 4
10, 5
11, 6
12, 6
13, 7
14, 9
15, 13
16, 14
17, 16
18, 9
19, 10
20, 12
21, 16
22, 17
23, 19
24, 20
25, 22
26, 27
27, 13
28, 14
29, 15
30, 15
31, 16
32, 18
33, 22
34, 23
35, 25
36, 18
37, 19
38, 21
39, 25
40, 26
41, 28
42, 29
43, 31
44, 36
45, 45
46, 48
47, 51
48, 51
49, 55
50, 59
51, 58
52, 63
53, 67
54, 27
55, 28
56, 30
57, 34
58, 35
59, 37
60, 38
61, 40
62, 45
63, 54
64, 57
65, 60
66, 60
67, 63
68, 66
69, 67
70, 72
71, 76
72, 69
73, 73
74, 77
75, 76
76, 81
77, 85
78, 96
79, 96
80, 108
81, 40
82, 41
83, 42
84, 42
85, 43
86, 45
87, 49
88, 50
89, 52
90, 45
91, 46
92, 48
93, 52
94, 53
95, 55
96, 56
97, 58
98, 63
99, 72
100, 75
101, 78
102, 78
103, 82
104, 86
105, 85
106, 90
107, 94
108, 54
109, 55
110, 57
111, 61
112, 62
113, 64
114, 65
115, 67
116, 72
117, 81
118, 84
119, 87
120, 87
121, 90
122, 93
123, 94
124, 99
125, 103
126, 96
127, 100
128, 104
129, 103
130, 108
131, 112
132, 123
133, 123
134, 135
135, 145
136, 149
137, 154
138, 159
139, 163
140, 171
141, 178
142, 186
143, 193
144, 168
145, 172
146, 180
147, 187
148, 195
149, -1
150, -1
151, -1
152, -1
153, 196
154, -1
155, -1
156, -1
157, -1
158, -1
159, -1
160, -1
161, -1
162, 81
163, 82
164, 84
165, 88
166, 89
167, 91
168, 92
169, 94
170, 99
171, 108
172, 111
173, 114
174, 114
175, 117
176, 120
177, 121
178, 126
179, 130
180, 123
181, 127
182, 131
183, 130
184, 135
185, 139
186, 150
187, 150
188, 162
189, 172
190, 176
191, 181
192, 186
193, 190
194, 198
195, -1
196, -1
197, -1
198, 195
199, 199
200, -1
201, -1
202, -1
203, -1
204, -1
205, -1
206, -1
207, -1
208, -1
209, -1
210, -1
211, -1
212, -1
213, -1
214, -1
215, -1
216, -1
217, -1
218, -1
219, -1
220, -1
221, -1
222, -1
223, -1
224, -1
225, -1
226, -1
227, -1
228, -1
229, -1
230, -1
231, -1
232, -1
233, -1
234, -1
235, -1
236, -1
237, -1
238, -1
239, -1
240, -1
241, -1
242, -1
243, 121
244, 122
245, 123
246, 123
247, 124
248, 126
249, 130
250, 131
251, 133
252, 126
253, 127
254, 129
255, 133
256, 134
257, 136
258, 137
259, 139
260, 144
261, 153
262, 156
263, 159
264, 159
265, 163
266, 167
267, 166
268, 171
269, 175
270, 135
271, 136
272, 138
273, 142
274, 143
275, 145
276, 146
277, 148
278, 153
279, 162
280, 165
281, 168
282, 168
283, 171
284, 174
285, 175
286, 180
287, 184
288, 177
289, 181
290, 185
291, 184
292, 189
293, 193
294, -1
295, -1
296, -1
297, -1
298, -1
299, -1
300, -1
301, -1
302, -1
303, -1
304, -1
305, -1
306, -1
307, -1
308, -1
309, -1
310, -1
311, -1
312, -1
313, -1
314, -1
315, -1
316, -1
317, -1
318, -1
319, -1
320, -1
321, -1
322, -1
323, -1
324, 162
325, 163
326, 165
327, 169
328, 170
329, 172
330, 173
331, 175
332, 180
333, 189
334, 192
335, 195
336, 195
337, 198
338, -1
339, -1
340, -1
341, -1
342, -1
343, -1
344, -1
345, -1
346, -1
347, -1
348, -1
349, -1
350, -1
351, -1
352, -1
353, -1
354, -1
355, -1
356, -1
357, -1
358, -1
359, -1
360, -1
361, -1
362, -1
363, -1
364, -1
365, -1
366, -1
367, -1
368, -1
369, -1
370, -1
371, -1
372, -1
373, -1
374, -1
375, -1
376, -1
377, -1
378, -1
379, -1
380, -1
381, -1
382, -1
383, -1
384, -1
385, -1
386, -1
387, -1
388, -1
389, -1
390, -1
391, -1
392, -1
393, -1
394, -1
395, -1
396, -1
397, -1
398, -1
399, -1
400, -1
401, -1
>>>>>>> d3d34c3c2efa962e39995f8bba55cc3a9a0fa900
