Y
N,Y
N,Y,Y
N,N,1,1
N,Y,Y,Y,Y
N,N,2,1,3,1
N,N,1,1,2,Y,1
N,N,N,3,3,3,2,2
N,Y,Y,Y,Y,1,1,1,Y
N,N,3,1,4,2,3,2,5,1
N,N,2,1,2,1,3,1,4,Y,1
N,N,N,4,3,4,4,4,5,5,2,2
N,N,1,1,2,Y,1,3,4,1,1,1,1
N,N,N,4,4,3,3,3,7,5,3,2,4,2
N,N,N,3,3,3,2,2,6,4,5,1,3,1,2
N,N,N,N,6,5,4,4,7,7,6,6,4,4,3,3
N,Y,Y,Y,Y,1,1,1,Y,5,7,4,3,2,2,2,Y
N,N,4,1,5,3,4,3,6,2,7,8,7,4,4,3,7,1
N,N,3,1,6,2,3,2,6,1,3,6,8,3,4,2,6,Y,1
N,N,N,5,5,11,4,4,7,8,4,5,9,9,5,5,7,7,2,2
N,N,2,1,2,1,3,2,6,2,3,4,5,4,4,4,6,1,1,1,1
N,N,N,5,4,5,5,4,6,8,5,4,8,7,6,5,9,7,3,2,4,2
N,N,N,4,3,4,4,4,6,6,4,3,5,6,8,4,8,6,6,1,3,1,2
N,N,N,N,7,6,8,6,7,7,9,6,6,7,9,9,9,9,8,7,4,4,3,3
N,N,1,1,2,Y,1,3,4,2,1,3,3,5,6,8,8,6,5,4,3,2,2,2,1
N,N,N,5,5,3,4,4,8,6,4,3,7,4,8,8,13,9,8,6,7,4,4,3,6,2
N,N,N,4,4,3,3,3,6,5,11,2,5,3,4,7,12,8,9,5,7,3,4,2,5,1,2
N,N,N,N,8,6,6,6,7,8,8,10,6,7,5,6,13,13,10,10,8,8,5,5,6,6,3,3
N,N,N,3,3,3,2,2,6,4,5,4,5,3,4,5,8,9,9,9,9,4,4,4,5,2,2,2,2
N,N,N,N,7,6,5,5,8,7,7,7,7,6,6,6,11,10,11,10,12,10,6,5,8,6,4,3,5,3
N,N,N,N,6,5,4,4,7,7,6,6,8,5,5,5,10,9,11,9,11,9,10,4,7,5,6,2,4,2,3
N,N,N,N,N,9,7,7,10,9,8,8,10,9,7,7,11,11,12,13,12,12,11,11,8,8,7,7,5,5,4,4
N,Y,Y,Y,Y,1,1,1,Y,5,7,4,3,5,4,4,2,9,14,11,11,10,12,9,7,6,11,5,4,3,3,3,Y
N,N,5,2,6,3,5,4,7,3,8,9,8,5,7,5,10,4,11,15,15,12,12,13,13,8,8,11,8,5,5,4,9,1
N,N,4,1,5,3,3,3,10,2,5,15,9,4,6,4,8,3,5,11,14,11,12,11,14,7,8,7,9,4,5,3,8,Y,1
N,N,N,6,7,9,4,6,9,16,6,8,14,11,7,8,9,10,6,6,15,16,13,13,15,15,9,9,10,10,6,6,9,9,2,2
N,N,3,1,6,2,3,2,6,1,3,7,7,5,6,6,16,2,3,5,5,11,12,12,13,8,8,8,8,5,5,5,8,1,1,1,1
N,N,N,6,6,10,5,4,8,9,5,6,10,8,8,8,12,16,5,5,8,7,14,13,16,14,10,9,11,9,7,6,11,9,3,2,4,2
N,N,N,5,5,8,4,4,7,8,4,5,9,7,7,7,12,12,8,4,7,6,8,12,15,13,13,8,10,8,9,5,10,8,6,1,3,1,2
N,N,N,N,10,9,11,6,9,10,10,7,10,10,9,9,13,13,15,10,8,9,9,10,16,16,15,14,11,11,10,10,11,11,10,7,4,4,3,3
N,N,2,1,2,1,3,2,6,2,3,4,5,7,6,6,8,6,5,7,7,7,8,9,9,13,12,11,10,9,9,9,10,6,5,4,3,2,2,2,1
N,N,N,6,5,6,6,4,7,9,6,5,9,8,9,7,12,10,8,7,11,8,10,10,14,11,15,13,14,11,11,10,15,11,8,6,7,4,4,3,6,2
N,N,N,5,4,5,5,4,9,11,5,4,7,7,10,6,10,9,9,6,9,7,8,9,13,10,12,12,14,10,11,9,14,10,11,5,7,3,4,2,5,1,2
N,N,N,N,9,8,11,7,7,11,14,7,8,10,11,11,11,12,12,10,10,11,9,9,14,15,13,14,15,15,12,12,15,15,12,12,8,8,5,5,6,6,3,3
N,N,N,4,3,4,4,4,6,6,4,3,5,6,8,9,15,8,8,6,7,7,8,8,9,11,12,13,14,11,11,11,14,11,11,10,15,4,4,4,5,2,2,2,2
N,N,N,N,N,10,N,9,N,7,10,7,7,8,10,10,14,16,11,10,9,9,10,9,12,11,14,13,17,16,13,12,17,15,13,12,13,19,6,5,8,6,4,3,5,3
N,N,N,N,10,N,N,8,13,7,11,6,6,7,9,9,14,13,12,9,10,8,9,8,11,10,12,12,14,15,17,11,16,14,15,11,13,12,11,4,7,5,6,2,4,2,3
N,N,N,N,N,14,12,13,N,9,10,15,9,9,11,11,15,15,15,13,13,12,11,11,12,12,13,14,15,16,18,18,17,17,16,16,14,14,14,12,8,8,7,7,5,5,4,4
N,N,Y,Y,3,2,N,N,4,2,1,3,3,5,6,8,8,11,9,7,5,8,8,8,7,10,12,12,12,14,15,17,16,15,20,14,15,11,10,9,7,6,8,5,4,3,3,3,1
N,N,N,3,7,N,N,6,6,4,5,2,7,4,11,10,16,10,13,10,10,7,11,9,13,9,12,14,16,13,17,17,23,17,17,20,17,16,13,11,13,8,8,9,8,5,5,4,8,2
N,N,N,2,6,N,N,N,6,4,4,1,8,3,8,9,19,12,11,9,14,6,8,8,11,8,10,12,15,12,13,16,22,16,17,16,18,15,19,10,13,7,8,7,9,4,5,3,7,1,2
N,N,N,N,N,N,N,11,5,6,5,5,9,22,N,14,N,14,16,16,12,14,9,10,12,13,11,11,16,17,14,15,23,23,18,18,19,19,17,19,14,14,9,9,10,10,6,6,8,8,3,3
N,N,N,1,5,N,5,2,6,8,10,2,3,4,5,7,14,10,11,11,14,6,6,8,13,7,8,10,10,12,13,14,18,17,17,17,17,16,16,13,15,8,8,8,8,5,5,5,7,2,2,2,2
N,N,N,N,10,6,11,5,4,3,4,13,8,6,N,10,N,N,16,12,15,16,8,8,13,14,10,10,13,11,15,15,21,20,19,18,20,18,18,17,17,16,10,9,11,9,7,6,10,8,4,3,5,3
N,N,N,N,9,N,9,5,4,9,5,4,5,5,7,8,17,N,14,11,13,16,13,7,11,12,9,9,12,10,11,14,20,19,20,17,19,17,18,16,18,15,13,8,10,8,9,5,9,7,7,2,4,2,3
N,N,N,N,N,8,7,4,5,4,8,7,16,12,N,5,N,N,N,N,18,18,19,14,12,13,14,11,13,13,12,13,21,21,22,22,20,20,19,19,20,19,17,14,11,11,10,10,10,10,9,8,5,5,4,4
N,N,N,N,N,N,Y,N,Y,Y,Y,1,4,7,N,N,N,N,N,15,11,13,10,11,11,8,8,8,8,11,11,12,14,18,17,19,19,18,18,18,17,13,12,11,10,9,9,9,9,7,6,5,4,3,3,3,2
N,N,N,N,5,2,2,Y,2,1,5,N,11,N,N,7,14,5,N,N,N,N,15,13,15,12,11,10,12,10,13,12,19,16,20,19,23,20,20,19,22,18,15,13,14,11,11,10,14,10,9,7,8,5,5,4,7,3
N,N,N,N,8,6,1,7,Y,2,2,1,6,10,7,N,N,N,N,N,13,11,15,11,15,11,14,9,12,9,11,11,16,15,17,18,21,19,20,18,21,17,18,12,14,10,11,9,13,9,10,6,8,4,5,3,6,2,3
N,N,N,N,N,5,3,2,7,6,6,6,N,N,N,N,N,N,N,15,15,15,N,N,16,14,13,20,13,14,12,13,17,18,18,18,22,23,21,21,22,22,19,19,15,15,12,12,14,14,11,11,9,9,6,6,7,7,4,4
N,N,N,N,N,Y,Y,Y,2,1,3,2,N,N,N,N,N,N,N,N,7,N,12,N,17,12,12,9,10,10,11,12,16,14,15,17,17,19,20,20,21,18,18,18,18,11,11,11,13,10,10,10,10,5,5,5,6,3,3,3,3
N,N,N,N,N,3,3,1,11,N,N,N,N,6,N,N,N,11,N,N,10,8,N,15,16,N,14,13,12,12,13,12,19,18,17,17,20,19,22,21,24,22,20,19,21,19,13,12,16,14,12,11,13,11,7,6,9,7,5,4,6,4
N,N,N,N,N,2,2,Y,10,3,5,4,11,N,N,N,N,N,11,N,N,14,9,13,16,14,15,12,13,11,12,11,16,17,19,16,19,18,20,20,23,21,22,18,20,18,19,11,15,13,14,10,12,10,11,5,8,6,7,3,5,3,4
N,N,N,N,N,N,8,5,13,N,N,N,N,N,N,N,N,N,N,N,N,N,15,N,N,N,17,16,15,14,14,13,17,18,20,20,20,21,21,22,24,24,23,23,21,21,20,20,16,16,15,15,13,13,12,12,9,9,8,8,6,6,5,5
N,N,1,Y,Y,Y,Y,Y,Y,N,N,N,4,N,N,N,N,N,N,N,10,N,N,N,7,N,N,14,12,10,9,11,8,16,21,18,17,19,24,20,19,22,26,21,20,19,21,18,15,14,18,13,12,11,15,10,8,7,11,6,5,4,4,4,Y
N,N,N,Y,2,Y,7,Y,N,N,N,N,N,N,N,N,N,N,N,N,N,6,N,N,N,N,N,N,N,8,18,11,18,8,19,20,19,18,20,29,28,21,24,28,24,21,21,22,23,16,16,20,16,13,13,18,14,9,9,13,9,6,6,5,11,1
N,N,5,Y,Y,Y,Y,Y,N,N,N,N,N,N,N,N,N,N,N,N,N,N,N,N,10,N,N,N,N,13,14,10,19,8,11,19,22,17,18,22,26,20,22,23,25,20,21,20,24,15,16,15,17,12,13,12,15,8,9,8,10,5,6,4,10,Y,1
N,N,N,2,4,3,1,N,N,N,N,N,N,N,N,N,N,N,N,N,N,N,N,N,N,N,N,N,22,N,N,N,17,18,10,11,19,20,19,19,28,27,23,24,26,26,22,22,25,25,17,17,18,18,14,14,16,16,10,10,11,11,7,7,11,11,2,2
N,N,Y,N,Y,N,Y,N,N,N,N,N,N,N,N,N,N,N,N,N,N,N,N,N,N,N,N,N,N,N,N,N,N,N,10,12,13,19,18,19,21,20,20,23,24,21,21,21,23,16,16,16,16,13,13,13,14,9,9,9,9,6,6,6,10,1,1,1,1
N,N,N,N,3,2,Y,N,N,N,N,N,N,N,N,N,N,N,N,N,N,N,N,N,N,16,N,N,N,N,9,N,14,23,7,11,10,13,19,18,25,21,24,22,27,25,23,22,26,24,18,17,19,17,15,14,17,15,11,10,12,10,8,7,13,11,3,2,4,2
N,N,N,Y,2,1,N,N,6,N,N,N,N,N,N,N,N,N,N,N,N,N,N,N,19,N,6,N,N,N,N,N,17,17,10,10,13,12,14,17,21,21,21,21,26,24,25,21,25,23,21,16,18,16,17,13,16,14,14,9,11,9,10,6,12,10,6,1,3,1,2
N,N,N,N,8,5,5,2,10,N,11,N,N,9,N,N,N,N,N,N,N,N,N,7,N,N,N,20,N,N,16,16,15,16,17,10,14,10,10,10,23,21,25,25,27,27,26,26,26,26,25,22,19,19,18,18,17,17,16,15,12,12,11,11,13,13,12,7,4,4,3,3
N,N,N,Y,1,Y,Y,8,N,Y,N,N,N,N,N,N,N,N,N,N,N,N,N,N,N,3,N,N,N,N,N,13,16,9,8,9,7,12,13,12,9,20,20,20,21,25,25,25,25,21,20,19,18,17,17,17,16,14,13,12,11,10,10,10,12,6,5,4,3,2,2,2,1
N,N,N,N,N,1,N,Y,N,N,N,N,N,N,N,N,8,N,N,N,N,N,N,N,N,N,N,N,N,N,N,13,21,13,12,9,12,9,16,13,14,11,24,22,30,24,27,26,30,26,23,21,22,19,19,18,21,17,16,14,15,12,12,11,17,13,8,6,7,4,4,3,6,2
N,N,N,Y,Y,11,Y,Y,N,2,2,1,N,N,N,N,N,N,N,N,N,N,12,15,21,14,11,N,N,20,17,14,20,17,15,8,11,8,11,10,13,10,12,21,28,26,27,25,29,25,26,20,22,18,19,17,20,16,17,13,15,11,12,10,16,12,17,5,7,3,4,2,5,1,2
N,N,N,N,8,9,9,1,N,7,N,N,N,7,N,N,N,N,N,N,N,N,N,N,N,N,21,16,N,N,23,18,19,22,17,17,12,13,12,13,14,15,13,14,29,30,28,28,30,30,27,27,23,23,20,20,21,21,18,18,16,16,13,13,17,17,14,16,8,8,5,5,6,6,3,3
N,N,N,1,Y,11,Y,Y,N,N,N,N,N,N,N,N,N,N,N,N,N,N,N,N,N,N,N,17,N,N,N,N,22,N,17,16,16,9,10,12,13,12,12,13,14,26,24,26,29,26,26,25,28,19,19,19,20,17,17,17,17,12,12,12,16,13,13,10,11,4,4,4,5,2,2,2,2
N,N,N,N,6,2,5,8,N,8,N,7,8,N,5,N,N,N,N,N,N,N,N,N,N,N,21,16,13,N,17,17,20,22,19,16,15,11,12,10,16,11,14,13,17,16,29,28,32,30,28,27,28,29,21,20,23,21,19,18,20,18,14,13,19,17,15,14,13,12,6,5,8,6,4,3,5,3
N,N,N,N,5,1,4,Y,N,7,7,2,N,7,10,N,N,N,N,N,N,N,N,N,N,N,N,N,13,15,16,15,20,20,20,15,16,10,11,9,13,10,13,12,14,15,19,27,31,29,30,26,28,27,26,19,22,20,21,17,19,17,18,12,18,16,17,13,14,11,11,4,7,5,6,2,4,2,3
N,N,N,N,N,N,N,6,9,8,10,9,10,9,12,N,N,N,N,N,N,N,N,N,N,N,N,N,N,17,18,14,19,18,21,14,13,19,12,11,14,10,11,12,18,19,20,21,32,32,31,31,29,29,29,27,23,23,22,22,20,20,19,19,19,19,18,18,16,15,13,12,8,8,7,7,5,5,4,4
N,N,N,N,N,N,Y,N,3,N,Y,N,N,N,N,N,N,N,N,N,N,N,N,N,N,N,N,N,N,9,N,12,15,13,12,6,15,7,8,9,15,13,13,11,16,15,16,20,17,30,34,29,32,26,25,24,22,21,23,20,19,18,18,18,18,17,17,15,13,11,10,9,7,6,8,5,4,3,3,3,1
N,N,N,N,N,15,N,N,N,N,N,N,N,N,N,N,N,N,N,N,N,1,N,N,8,5,N,N,N,N,N,N,17,12,17,14,9,6,10,10,8,3,13,15,20,12,24,19,35,21,32,36,32,33,28,26,28,23,23,24,23,20,20,19,25,19,19,18,18,14,13,11,13,8,8,9,8,5,5,4,8,2
N,N,N,N,N,Y,N,N,N,N,N,N,N,N,N,N,N,N,N,N,N,N,N,N,N,N,N,N,N,N,N,N,N,N,N,N,N,8,6,9,13,8,5,16,20,11,16,18,24,21,22,30,31,31,30,25,25,22,23,22,24,19,20,18,24,18,19,17,20,13,14,10,13,7,8,7,9,4,5,3,7,1,2
N,N,N,N,N,N,N,N,N,N,N,N,N,N,N,N,N,N,N,N,Y,N,N,N,N,N,N,Y,N,N,N,N,10,N,N,N,11,N,9,8,13,15,6,6,20,18,16,17,31,25,27,27,34,31,32,29,30,26,24,24,25,25,21,21,25,25,20,20,20,21,15,15,14,14,9,9,10,10,6,6,8,8,3,3
N,N,N,N,N,N,3,Y,N,N,N,N,N,N,N,N,3,N,N,N,N,N,Y,N,N,N,N,N,11,5,6,N,14,12,11,11,9,10,6,16,13,3,5,5,7,10,14,21,24,25,24,23,29,34,32,28,30,23,23,23,23,20,20,20,24,19,19,19,19,14,14,13,22,8,8,8,8,5,5,5,7,2,2,2,2
N,N,N,N,N,N,14,N,N,N,N,N,N,N,N,N,N,N,N,N,N,N,N,N,N,N,N,N,N,N,N,N,N,N,15,15,15,8,N,11,16,16,6,5,9,8,22,15,33,27,29,27,31,30,36,33,32,31,25,24,26,24,22,21,27,25,21,20,22,20,16,15,17,20,10,9,11,9,7,6,10,8,4,3,5,3
N,N,N,N,N,N,N,N,N,N,N,N,N,N,N,Y,N,N,N,N,N,N,N,N,N,N,N,N,N,N,N,N,N,N,N,12,N,13,N,7,18,12,7,4,6,7,11,14,24,25,28,25,28,27,32,32,32,29,28,23,25,23,24,20,26,24,24,19,21,19,20,14,17,16,13,8,10,8,9,5,9,7,7,2,4,2,3
N,N,N,N,N,N,N,N,N,6,N,N,N,N,4,N,N,N,N,N,N,N,N,N,N,9,N,N,12,9,N,N,20,15,17,9,16,18,11,15,11,5,9,5,10,11,12,13,32,26,27,27,32,32,34,34,36,34,32,29,26,26,25,25,27,27,26,25,22,22,21,21,18,18,18,14,11,11,10,10,10,10,9,8,5,5,4,4
N,N,N,N,N,N,N,N,1,N,N,N,2,N,N,N,2,N,N,N,N,N,N,N,N,N,N,N,N,N,N,N,14,N,N,N,16,12,11,14,8,9,10,3,2,7,9,12,13,23,19,25,24,29,30,33,32,28,27,26,25,24,24,24,26,24,23,22,21,20,20,20,19,13,12,11,10,9,9,9,9,7,6,5,4,3,3,3,2
N,N,N,N,N,N,N,N,6,3,N,N,N,N,N,3,N,N,N,N,N,N,N,N,N,N,N,11,N,N,N,6,15,11,12,13,15,18,15,7,17,2,3,5,9,4,11,11,23,20,25,27,31,26,33,33,37,33,30,28,29,26,26,25,31,27,26,24,25,22,22,21,24,20,15,13,14,11,11,10,14,10,9,7,8,5,5,4,7,3
N,N,N,N,N,9,N,3,N,N,N,N,Y,N,N,N,3,N,N,N,N,N,N,N,N,N,N,N,N,N,N,6,14,N,14,10,17,14,1,5,12,15,27,4,5,3,7,10,20,19,23,26,26,25,29,28,31,32,32,27,20,25,26,24,30,26,27,23,25,21,22,20,23,19,20,12,14,10,11,9,13,9,10,6,8,4,5,3,6,2,3
N,N,N,N,N,N,N,N,N,5,N,N,N,N,N,N,N,N,N,4,N,N,N,N,N,N,N,6,N,N,N,N,16,N,14,20,15,22,18,16,16,15,3,6,8,9,8,9,21,22,21,22,30,31,30,31,33,36,34,33,21,30,27,27,31,31,28,28,26,26,23,23,24,24,21,21,15,15,12,12,14,14,11,11,9,9,6,6,7,7,4,4
N,N,N,N,N,Y,N,N,2,N,N,N,N,N,N,N,N,N,N,N,N,N,N,N,N,N,N,N,N,N,N,N,N,3,1,3,5,5,Y,Y,2,Y,3,6,7,N,12,8,N,52,12,N,43,37,26,31,27,33,23,25,20,21,23,21,26,25,25,27,21,22,22,22,23,20,20,19,29,11,11,11,13,10,10,10,10,5,5,5,6,3,3,3,3
N,N,N,N,N,N,N,N,N,4,5,N,N,5,4,N,7,N,N,N,N,N,N,N,N,N,N,N,10,N,N,9,16,16,12,11,14,16,17,15,16,2,2,2,7,7,7,7,19,18,20,20,28,27,29,29,39,37,35,34,36,34,28,27,33,31,29,28,30,28,24,23,26,24,22,21,22,25,13,12,16,14,12,11,13,11,7,6,9,7,5,4,6,4
N,N,N,N,N,N,N,N,N,N,9,N,2,N,6,N,N,N,N,N,N,N,N,N,N,N,N,N,9,N,N,8,15,11,11,10,13,15,17,14,15,1,1,1,6,6,6,6,16,17,18,19,25,26,27,28,38,36,37,33,35,33,34,26,32,30,31,27,29,27,28,22,25,23,24,20,22,21,20,11,15,13,14,10,12,10,11,5,8,6,7,3,5,3,4
N,N,N,N,N,N,N,N,N,N,N,N,N,N,N,N,N,N,N,N,N,N,N,N,N,N,N,N,N,N,N,N,15,9,20,10,7,3,4,4,3,2,5,5,12,17,14,14,21,22,23,24,33,34,34,35,39,39,38,38,36,36,35,35,33,33,32,32,30,30,29,29,26,26,25,25,23,23,23,21,16,16,15,15,13,13,12,12,9,9,8,8,6,6,5,5
N,N,N,N,N,N,N,N,N,N,N,N,N,N,N,2,N,N,N,N,N,N,N,N,N,N,N,5,N,N,N,7,17,N,N,N,N,17,17,16,Y,1,7,Y,18,17,3,6,2,19,22,18,18,25,27,27,31,37,23,36,35,34,34,34,32,31,36,30,29,28,30,27,25,24,28,23,24,20,19,18,15,14,19,13,12,11,13,10,8,7,12,6,5,4,4,4,1
N,N,N,N,N,N,N,N,N,N,N,N,N,N,N,N,N,N,N,N,N,N,N,N,N,N,N,N,N,N,N,N,5,N,16,N,1,N,Y,6,Y,Y,4,4,10,10,12,11,20,5,23,26,33,22,35,37,39,34,38,42,39,36,36,35,41,33,33,36,33,30,30,31,31,26,26,30,26,25,22,20,23,16,16,19,16,13,13,14,14,9,9,12,9,6,6,5,10,2
N,N,N,Y,N,N,N,N,N,N,N,N,N,N,N,N,N,N,N,N,N,N,N,N,N,N,N,N,Y,N,N,N,N,8,N,18,10,18,18,17,23,Y,Y,5,5,6,7,10,14,5,6,22,24,22,23,34,37,34,36,38,40,35,36,34,40,32,33,32,34,29,30,29,32,25,26,25,27,24,27,19,23,15,16,15,17,12,13,12,15,8,9,8,10,5,6,4,9,1,2
N,N,N,N,N,N,N,N,N,N,N,N,N,N,N,N,N,N,N,N,N,N,N,N,N,N,N,N,N,N,N,N,N,18,N,12,N,N,32,1,2,4,Y,Y,16,13,13,11,20,16,11,12,33,34,31,31,28,40,37,39,41,41,37,37,41,41,34,34,35,35,31,31,33,33,27,27,28,28,26,29,24,24,17,17,18,18,14,14,16,16,10,10,11,11,7,7,10,10,3,3
N,N,N,N,N,N,N,N,N,N,N,N,N,N,N,Y,N,N,N,N,N,N,N,N,N,N,N,3,N,9,2,6,12,N,8,21,14,16,19,3,18,Y,Y,Y,Y,6,6,7,28,8,5,7,12,27,22,24,32,33,34,38,39,36,36,36,40,33,33,33,33,30,30,30,31,26,26,26,26,25,25,22,25,16,16,16,16,13,13,13,14,9,9,9,9,6,6,6,9,2,2,2,2