Y
N,Y
N,Y,Y
N,N,3,1
N,Y,Y,Y,Y
N,N,4,1,7,1
N,N,3,1,2,1,2
N,N,N,5,5,4,5,4
N,Y,Y,Y,Y,Y,Y,3,Y
N,N,5,1,8,2,5,2,11,1
N,N,4,1,4,1,3,1,6,1,2
N,N,N,6,7,6,6,4,9,8,5,4
N,N,3,1,2,1,2,3,4,Y,Y,3,3
N,N,N,6,6,5,6,4,11,5,5,2,10,4
N,N,N,5,5,4,5,4,6,5,6,1,5,4,5
N,N,N,N,10,8,9,8,9,8,9,8,8,7,8,7
N,Y,Y,Y,Y,Y,Y,3,Y,3,2,4,3,3,3,6,Y
N,N,6,1,9,3,6,3,12,2,8,4,11,4,8,5,15,1
N,N,5,1,6,2,3,2,8,2,4,3,7,4,5,4,10,1,2
N,N,N,7,9,9,6,4,11,11,7,7,10,9,8,7,13,12,5,4
N,N,4,1,4,1,3,2,4,1,2,6,7,3,3,6,8,Y,Y,3,3
N,N,N,7,8,7,7,4,10,7,6,5,14,8,8,5,15,9,5,2,10,4
N,N,N,6,7,6,6,4,6,6,5,4,9,8,9,4,10,9,7,1,5,4,5
N,N,N,N,13,10,12,8,9,9,11,8,12,11,12,11,13,12,13,9,8,7,8,7
N,N,3,1,2,1,2,3,4,Y,Y,3,3,7,7,10,8,3,2,4,3,3,3,6,3
N,N,N,7,7,6,7,4,12,6,6,3,11,5,12,9,19,9,8,4,11,4,8,5,14,4
N,N,N,6,6,5,6,4,8,5,12,2,7,5,7,8,14,9,10,3,7,4,5,4,9,4,5
N,N,N,N,12,10,11,9,11,10,10,12,10,10,10,10,17,16,13,12,10,9,8,7,12,11,8,7
N,N,N,5,5,4,5,4,6,5,6,2,5,4,5,9,12,8,8,10,11,3,3,6,7,3,3,6,6
N,N,N,N,11,9,10,9,10,9,10,8,9,8,9,8,19,13,13,10,17,12,8,5,14,8,8,5,13,7
N,N,N,N,10,8,9,8,9,8,9,8,8,7,8,7,14,13,14,9,13,12,13,4,9,8,9,4,8,7,8
N,N,N,N,N,14,14,13,14,12,13,12,12,11,12,11,17,16,17,16,16,15,16,15,12,11,12,11,11,10,11,10
N,Y,Y,Y,Y,Y,Y,3,Y,3,2,4,3,3,3,6,Y,11,10,12,15,10,9,11,7,6,5,7,6,6,6,9,Y
N,N,7,2,10,3,7,4,13,3,9,5,12,5,9,6,16,2,16,12,19,16,15,11,19,8,11,7,14,7,11,8,19,1
N,N,6,1,8,3,3,3,10,3,6,4,9,5,7,5,12,2,4,11,15,16,18,10,15,8,9,6,10,7,8,7,14,1,2
N,N,N,8,11,12,6,6,13,14,9,8,12,12,10,10,15,15,7,7,18,17,20,20,18,17,12,11,13,12,11,10,17,16,5,4
N,N,5,1,6,2,3,2,11,2,4,7,7,4,5,8,12,1,2,6,7,14,13,13,17,7,7,10,10,6,6,9,12,Y,Y,3,3
N,N,N,8,10,10,7,4,12,15,8,8,14,8,10,8,18,14,7,5,14,9,19,15,21,18,12,9,17,11,11,8,19,13,5,2,10,4
N,N,N,7,9,9,6,4,10,12,7,7,9,8,9,7,14,14,9,4,9,9,11,14,19,18,14,8,12,11,12,7,14,13,7,1,5,4,5
N,N,N,N,16,13,14,8,13,14,18,11,12,11,12,11,17,17,19,12,12,12,14,14,22,21,22,16,15,14,15,14,17,16,17,9,8,7,8,7
N,N,4,1,4,1,3,2,4,1,2,6,7,6,5,7,12,4,4,7,7,8,9,13,11,10,9,11,10,10,10,13,12,3,2,4,3,3,3,6,3
N,N,N,8,9,8,8,4,11,8,7,6,15,9,11,7,16,15,9,7,15,8,14,12,22,13,15,11,18,11,15,12,23,13,8,4,11,4,8,5,14,4
N,N,N,5,11,N,N,4,8,7,6,5,11,8,10,6,12,14,8,6,11,8,9,11,17,13,15,10,14,11,12,11,18,13,22,3,7,4,5,4,9,4,5
N,N,N,N,16,12,13,9,11,12,13,10,14,13,13,11,15,15,19,11,14,13,12,11,20,20,18,18,17,16,15,14,21,20,17,20,10,9,8,7,12,11,8,7
N,N,N,4,7,N,6,4,6,6,5,4,9,8,9,9,12,12,7,5,9,7,7,10,11,12,13,17,18,10,10,13,16,12,12,10,13,3,3,6,7,3,3,6,6
N,N,N,N,17,N,12,8,11,10,12,9,13,12,13,11,18,13,18,10,13,11,12,9,18,14,17,16,25,19,15,12,23,17,17,14,17,14,8,5,14,8,8,5,13,7
N,N,N,N,16,N,N,9,9,9,11,8,13,13,13,11,14,13,14,9,12,11,12,8,13,13,15,15,20,19,20,11,18,17,18,13,16,14,14,4,9,8,9,4,8,7,8
N,N,N,N,N,17,13,11,15,15,16,15,24,N,18,15,17,16,17,16,17,15,16,15,16,16,18,18,23,22,23,22,21,20,21,20,20,18,18,16,12,11,12,11,11,10,11,10
N,N,N,N,N,N,N,2,Y,Y,Y,3,6,9,9,10,8,6,4,5,3,7,7,10,7,11,11,14,14,18,18,21,16,14,12,13,11,10,9,11,7,6,5,7,6,6,6,9,3
N,N,N,N,11,4,4,2,12,4,6,4,16,10,14,10,20,10,11,6,12,6,12,10,19,8,17,14,22,16,23,20,31,17,19,14,20,12,15,11,19,8,11,7,14,7,11,8,18,4
N,N,N,N,6,7,2,2,7,2,6,3,13,N,15,15,18,10,12,5,9,5,7,9,15,8,9,13,18,16,18,19,26,17,18,13,17,12,13,10,15,8,9,6,10,7,8,7,13,4,5
N,N,N,N,10,7,7,5,12,19,11,15,N,N,N,16,21,19,16,15,12,12,10,10,18,17,12,11,21,21,21,21,29,28,21,20,20,19,16,15,18,17,12,11,13,12,11,10,16,15,8,7
N,N,N,N,2,4,8,Y,5,1,10,2,12,N,N,N,N,11,11,12,18,4,5,8,11,7,7,10,10,15,16,20,24,16,16,19,19,11,11,13,15,7,7,10,10,6,6,9,11,3,3,6,6
N,N,N,N,9,6,6,4,11,16,10,19,15,N,15,N,19,17,15,13,19,19,10,8,17,13,12,9,17,13,20,19,31,25,21,18,26,20,16,13,21,16,12,9,17,11,11,8,18,12,8,5,13,7
N,N,N,N,9,4,6,3,14,N,N,N,N,N,N,N,N,N,N,N,N,N,14,7,13,13,12,8,12,12,14,18,26,25,23,17,21,20,21,12,17,16,14,8,12,11,12,7,13,12,10,4,8,7,8
N,N,N,N,N,14,12,9,20,N,N,N,N,N,N,N,17,N,N,N,21,N,21,16,16,16,18,15,15,15,17,17,29,28,29,25,24,23,24,23,20,19,20,16,15,14,15,14,16,15,16,12,11,10,11,10
N,N,N,2,1,8,N,Y,5,N,4,N,12,N,4,9,15,13,N,10,11,10,9,11,11,7,7,10,10,11,12,16,16,19,18,20,19,19,19,22,19,10,9,11,10,10,10,13,11,6,5,7,6,6,6,9,6
N,N,N,N,11,12,6,3,14,5,N,9,14,12,N,9,N,14,14,11,18,13,15,11,15,12,13,10,14,12,17,15,30,18,24,20,27,20,24,21,30,20,15,11,18,11,15,12,22,12,11,7,14,7,11,8,17,7
N,N,N,N,10,5,4,2,9,N,7,11,N,14,13,N,N,19,20,10,15,13,17,10,12,12,18,9,14,12,14,14,22,18,20,19,23,20,21,20,25,20,21,10,14,11,12,11,17,12,13,6,10,7,8,7,12,7,8
N,N,N,N,N,15,10,8,N,N,12,N,N,N,N,N,N,N,17,N,18,18,18,20,14,17,16,18,14,17,17,15,28,25,23,23,26,25,24,23,28,27,24,23,17,16,15,14,20,19,16,15,13,12,11,10,15,14,11,10
N,N,N,N,7,2,5,2,13,N,N,N,11,N,N,N,N,N,11,N,22,N,14,N,17,15,11,8,12,11,12,15,20,17,18,21,23,19,19,22,23,19,19,21,22,10,10,13,15,11,11,13,14,6,6,9,10,6,6,9,9
N,N,N,N,N,N,8,N,N,14,N,13,20,N,N,N,N,N,N,N,20,N,18,18,24,19,17,13,14,15,16,14,26,20,23,21,30,25,24,21,30,24,24,21,28,23,15,12,22,16,16,13,20,15,11,8,17,11,11,8,16,10
N,N,N,N,N,N,N,N,17,N,N,N,N,N,N,N,N,N,N,N,N,N,N,N,21,N,21,19,15,N,19,14,22,18,21,20,28,26,28,20,25,24,25,20,24,23,24,11,17,16,17,12,16,15,16,7,12,11,12,7,11,10,11
N,N,N,N,N,N,N,12,23,N,20,N,N,N,N,N,N,N,N,20,21,N,21,11,21,22,20,20,19,17,16,17,24,21,23,23,32,31,32,31,28,27,28,27,27,26,27,26,20,19,20,19,19,18,19,18,15,14,15,14,14,13,14,13
N,N,N,N,Y,N,Y,15,N,N,N,N,N,N,N,Y,N,N,N,N,N,N,17,3,7,18,8,10,8,9,10,12,Y,18,17,19,33,25,24,26,23,22,21,23,26,21,20,22,15,14,13,15,24,13,12,14,10,9,8,10,9,9,9,12,Y
N,N,N,N,N,Y,N,N,N,N,N,N,N,N,N,N,N,N,N,3,13,15,N,14,16,7,8,8,14,11,16,12,27,2,22,19,31,35,31,27,35,24,27,23,30,27,26,22,31,16,19,15,22,25,18,14,22,11,14,10,17,10,14,11,23,1
N,N,N,N,N,Y,Y,N,N,N,Y,N,N,N,N,N,N,14,N,N,10,21,17,18,10,9,11,8,11,8,9,12,19,2,4,18,27,30,31,26,31,24,25,22,26,27,29,21,27,16,17,14,18,20,20,13,18,11,12,9,13,10,11,10,18,1,2
N,N,N,N,N,N,N,2,N,N,N,Y,N,N,11,N,N,N,N,16,23,N,13,23,10,8,14,14,14,12,16,13,26,20,7,7,30,30,35,34,34,33,28,27,29,28,31,31,30,29,20,19,21,20,24,22,21,20,15,14,16,15,14,13,21,20,5,4
N,N,N,N,N,N,Y,Y,N,Y,Y,N,N,N,N,N,15,N,16,15,15,15,9,4,12,6,9,13,13,9,11,10,16,1,2,6,7,27,27,28,33,23,23,26,26,25,24,24,29,15,15,18,18,17,16,16,20,10,10,13,13,9,9,12,16,Y,Y,3,3
N,N,N,N,8,5,1,Y,N,11,2,4,13,N,N,N,N,17,N,N,22,16,N,17,12,12,14,12,21,16,14,12,25,18,7,5,14,9,33,30,37,34,28,25,33,27,30,26,33,30,20,17,25,19,22,18,24,21,15,12,20,14,14,11,23,17,5,2,10,4
N,N,N,N,3,3,Y,N,N,11,1,4,9,10,10,N,N,15,15,10,17,16,17,10,10,15,16,11,16,16,18,11,17,18,9,4,9,9,11,29,35,34,30,24,28,27,28,25,31,30,22,16,20,19,20,17,22,21,17,11,15,14,15,10,18,17,7,1,5,4,5
N,N,N,N,18,N,N,N,11,N,N,N,15,10,N,N,N,N,N,N,N,20,22,2,17,14,16,17,19,18,20,19,24,19,24,11,12,12,14,14,38,37,38,32,31,30,31,30,34,33,34,24,23,22,23,22,25,24,25,19,18,17,18,17,21,20,21,9,8,7,8,7
N,N,N,N,Y,Y,Y,N,10,N,Y,N,3,N,N,N,N,N,N,N,N,N,N,7,10,11,11,14,10,14,14,17,26,4,4,6,7,8,9,13,11,26,25,27,26,26,26,29,27,18,17,19,18,18,18,21,18,13,12,14,13,13,13,16,16,3,2,4,3,3,3,6,3
N,N,N,N,N,N,1,Y,N,6,N,N,N,N,N,N,N,N,N,N,N,2,N,7,12,N,N,N,21,N,13,17,26,27,7,7,14,9,14,12,29,13,29,27,35,27,31,28,26,28,23,19,26,19,23,20,29,19,18,14,21,14,18,15,27,17,8,4,11,4,8,5,14,4
N,N,N,N,N,N,2,N,N,N,N,N,N,N,18,8,N,N,N,N,N,N,N,16,10,N,21,13,14,16,18,16,23,27,16,6,7,9,11,11,20,13,15,26,30,27,28,27,33,28,33,18,22,19,20,19,24,19,20,13,17,14,15,14,22,17,14,3,7,4,5,4,9,4,5
N,N,N,N,N,N,N,N,N,N,N,N,N,N,N,N,N,N,N,N,N,4,7,7,11,9,N,20,18,N,21,26,46,26,25,16,13,11,14,14,27,21,18,18,26,30,31,21,26,34,31,39,24,24,23,22,27,26,23,22,20,19,18,17,25,24,21,16,10,9,8,7,12,11,8,7
N,N,N,7,N,N,N,N,N,N,N,N,N,N,N,N,N,N,N,N,N,N,N,2,N,12,N,N,14,11,13,15,20,18,15,6,12,8,9,12,11,14,16,17,20,26,26,24,24,27,27,25,28,18,18,21,22,18,18,21,21,13,13,16,20,16,13,10,13,3,3,6,7,3,3,6,6
N,N,N,N,N,N,8,N,N,N,N,N,N,N,N,N,N,N,N,8,N,N,N,N,N,N,N,N,20,12,13,15,21,N,29,15,14,13,12,11,22,16,18,18,28,22,47,28,24,25,30,29,32,29,23,20,28,23,23,20,28,22,18,15,27,21,21,15,17,14,8,5,14,8,8,5,13,7
N,N,N,N,N,N,N,N,N,N,N,N,N,N,N,N,N,N,N,N,N,N,N,N,N,8,N,N,N,N,N,5,18,22,22,11,14,10,9,7,20,18,17,17,24,24,26,23,26,29,35,28,31,28,29,19,24,23,24,19,23,22,23,14,22,21,22,14,16,14,14,4,9,8,9,4,8,7,8
N,N,N,N,N,N,N,N,N,N,N,N,N,N,N,N,N,N,N,N,N,N,N,N,12,N,N,17,N,22,20,9,28,15,27,24,16,11,13,11,23,22,23,22,28,29,30,29,21,35,36,35,35,32,32,31,26,26,27,26,26,25,26,25,25,24,25,24,21,18,18,16,12,11,12,11,11,10,11,10
N,N,N,N,N,N,N,N,3,N,N,N,2,Y,N,N,N,N,N,N,N,N,N,N,N,10,7,7,N,N,N,13,12,11,5,3,6,10,10,6,3,15,13,14,18,23,24,28,22,29,27,25,26,25,24,26,22,21,20,22,21,21,21,24,20,14,12,13,11,10,9,11,7,6,5,7,6,6,6,9,3
N,N,N,N,N,N,N,N,N,N,4,N,16,6,N,N,N,N,N,N,N,N,N,N,14,3,17,N,14,N,19,16,24,5,5,12,11,10,14,13,22,5,19,14,27,20,29,27,39,27,34,28,31,27,30,26,33,23,26,22,29,22,26,23,35,21,19,14,20,12,15,11,19,8,11,7,14,7,11,8,18,4
N,N,N,4,N,N,N,N,N,N,N,N,N,N,N,N,N,N,N,N,N,N,N,N,9,N,N,11,13,9,17,8,20,14,15,11,5,3,13,6,14,5,7,21,25,22,23,26,29,27,28,28,28,27,28,25,29,23,24,21,25,22,23,22,30,21,22,13,17,12,13,10,15,8,9,6,10,7,8,7,13,4,5
N,N,N,N,N,N,N,N,N,N,N,N,11,N,N,N,N,N,N,N,N,N,N,N,N,9,N,8,18,N,N,N,25,26,10,8,14,11,12,17,21,21,14,13,28,26,25,25,34,30,27,30,34,35,28,28,32,31,27,26,28,27,26,25,33,32,25,24,20,19,16,15,18,17,12,11,13,12,11,10,16,15,8,7
N,N,N,N,N,N,N,N,N,N,N,N,N,N,N,N,N,N,N,N,N,N,N,N,N,N,N,N,13,9,N,N,17,13,18,3,7,N,N,N,7,4,5,12,13,19,20,24,24,31,31,34,32,26,26,28,29,22,22,25,25,21,21,24,28,20,20,23,23,11,11,13,15,7,7,10,10,6,6,9,11,3,3,6,6
N,N,N,N,N,N,N,N,N,N,N,N,N,N,N,N,N,N,N,N,N,N,N,N,N,N,N,N,N,N,16,12,22,20,20,15,9,7,12,13,20,20,11,10,22,14,25,27,32,30,27,32,27,34,30,28,32,31,26,24,31,26,26,23,35,29,25,22,30,24,16,13,21,16,12,9,17,11,11,8,18,12,8,5,13,7
N,N,N,N,N,N,23,9,10,N,N,N,N,N,6,N,25,N,N,N,N,N,N,N,7,10,8,8,12,10,11,15,16,18,17,14,13,5,4,10,12,11,9,7,17,16,18,22,28,38,37,32,36,34,35,27,31,31,29,23,27,26,27,22,30,29,27,21,25,24,25,12,17,16,14,8,12,11,12,7,13,12,10,4,8,7,8
N,N,N,N,N,N,N,N,N,N,N,N,N,N,N,N,N,N,N,N,N,N,N,5,N,N,N,N,N,N,15,3,19,N,27,11,16,10,10,7,19,23,23,18,18,21,22,21,38,32,32,36,43,37,38,38,32,33,34,31,29,29,30,29,33,32,33,29,28,27,28,27,20,19,20,16,15,14,15,14,16,15,16,12,11,10,11,10
N,N,N,N,N,N,N,N,N,N,N,N,N,N,N,N,N,N,N,N,N,N,N,N,N,N,N,N,9,N,N,14,19,N,9,1,8,6,3,9,3,5,4,6,10,15,16,20,30,32,31,31,30,34,34,37,22,25,24,26,21,25,25,28,27,23,22,24,23,22,21,23,31,10,9,11,10,10,10,13,11,6,5,7,6,6,6,9,6
N,N,N,N,N,N,N,N,N,N,N,8,N,N,N,2,N,N,N,N,N,N,N,4,N,N,N,5,11,8,11,11,19,15,25,11,9,6,5,9,13,5,13,6,21,13,20,19,38,29,43,33,33,30,38,36,45,23,30,26,33,24,30,27,39,29,28,24,31,24,27,23,31,32,15,11,18,11,15,12,22,12,11,7,14,7,11,8,17,7
N,N,N,N,N,13,N,N,N,N,N,N,N,N,7,8,23,N,N,N,N,N,N,9,8,6,N,4,9,4,10,8,15,15,11,18,12,3,3,1,10,7,13,12,14,12,14,18,36,31,32,33,38,35,36,35,40,35,36,25,29,26,27,26,34,29,30,23,27,24,25,22,27,29,25,10,14,11,12,11,17,12,13,6,10,7,8,7,12,7,8
N,N,N,N,N,N,N,N,N,N,N,N,N,N,7,N,N,N,N,N,N,N,N,N,N,N,N,11,13,17,11,Y,21,18,30,10,14,11,15,14,9,11,10,18,20,19,18,17,39,38,35,34,34,39,34,38,43,42,39,38,27,31,30,29,37,36,33,32,30,29,28,27,30,29,33,27,17,16,15,14,20,19,16,15,13,12,11,10,15,14,11,10
N,N,N,N,N,N,N,N,N,N,N,N,N,N,N,16,18,12,N,5,19,6,6,14,8,4,N,16,8,N,7,10,15,17,11,4,4,2,2,Y,8,15,13,11,12,11,12,16,30,31,32,32,34,34,34,37,38,34,34,37,37,25,25,28,32,28,28,30,31,23,23,25,27,26,24,21,24,10,10,13,15,11,11,13,14,6,6,9,10,6,6,9,9
N,N,N,N,N,N,N,N,N,N,N,N,N,N,N,N,N,N,N,8,N,N,N,N,N,N,N,N,N,10,9,8,24,4,26,9,16,15,7,8,12,14,7,8,16,14,18,15,37,34,34,34,41,36,39,36,33,39,39,36,44,38,30,27,39,33,33,30,37,32,28,25,33,28,31,26,28,25,15,12,22,16,16,13,20,15,11,8,17,11,11,8,16,10
N,N,N,N,N,N,N,N,N,22,N,14,N,N,N,N,17,22,22,N,10,N,20,N,11,10,N,N,11,12,11,9,15,17,5,5,11,8,7,4,15,13,13,11,18,16,16,14,32,31,32,31,39,38,39,35,40,39,40,35,39,38,39,26,34,33,34,29,33,32,33,24,29,28,29,25,27,25,25,11,17,16,17,12,16,15,16,7,12,11,12,7,11,10,11
N,N,N,N,N,N,N,N,N,N,N,N,N,N,N,N,N,N,N,N,15,N,N,Y,4,N,10,10,1,6,Y,1,8,4,8,7,18,15,15,13,16,24,27,26,28,28,30,31,31,46,47,46,47,46,47,46,43,42,43,42,42,41,42,41,37,36,37,36,36,35,36,35,32,31,32,31,32,29,29,27,20,19,20,19,19,18,19,18,15,14,15,14,14,13,14,13
N,N,N,13,N,N,N,N,N,N,N,N,N,4,1,N,N,N,N,N,1,N,Y,N,10,N,3,5,2,6,5,Y,Y,13,12,Y,10,Y,Y,Y,Y,9,8,7,6,12,11,13,10,38,39,30,43,36,35,37,34,37,36,38,37,37,37,40,32,31,30,32,41,30,29,31,31,25,23,24,22,21,20,22,15,14,13,15,18,13,12,14,10,9,8,10,9,9,9,12,3
N,N,N,N,N,N,N,N,N,N,N,N,N,N,N,N,N,N,N,N,N,N,N,N,N,Y,N,7,N,6,13,Y,7,Y,20,2,12,13,4,Y,20,Y,13,11,18,8,16,13,45,11,34,33,41,43,40,37,52,36,42,38,45,38,42,39,51,33,36,32,39,42,35,31,39,32,30,25,31,23,26,22,31,16,19,15,22,19,18,14,22,11,14,10,17,10,14,11,22,4
N,N,N,N,N,N,N,N,N,N,Y,N,N,N,N,N,N,N,N,N,N,N,N,N,10,N,Y,16,Y,N,5,9,2,Y,Y,Y,6,3,3,3,12,3,Y,17,15,17,11,24,30,18,12,40,37,44,41,44,46,40,39,37,41,38,39,38,46,33,34,31,35,37,37,30,35,32,33,24,28,23,24,21,27,16,17,14,18,19,21,13,18,11,12,9,13,10,11,10,17,4,5
N,N,N,N,N,N,N,N,N,N,N,N,N,N,N,N,N,N,N,N,N,N,N,N,Y,N,N,N,N,9,14,10,15,8,Y,Y,13,8,18,18,21,14,3,2,18,17,14,13,42,31,15,14,47,46,43,43,49,47,42,41,44,43,42,41,49,48,37,36,38,37,41,39,38,37,36,35,31,30,27,26,30,29,20,19,21,20,23,23,21,20,15,14,16,15,14,13,20,19,8,7
N,N,N,N,N,N,N,N,21,N,N,N,N,N,N,1,N,N,N,N,14,N,N,N,Y,9,N,15,5,3,5,Y,9,Y,Y,Y,Y,2,2,2,9,3,4,5,6,17,19,23,26,18,20,23,17,45,44,44,39,38,38,41,41,37,37,40,44,32,32,35,35,34,33,33,37,31,31,31,37,22,22,24,27,15,15,18,18,17,16,16,20,10,10,13,13,9,9,12,15,3,3,6,6