x, n0
0, 0
1, 0
2, 0
3, 0
4, 0
5, 0
6, 0
7, 0
8, 0
9, 0
10, 0
11, 0
12, 1
13, 1
14, 1
15, 1
16, 1
17, 1
18, 1
19, 1
20, 1
21, 1
22, 1
23, 1
24, 2
25, 3
26, 2
27, 2
28, 2
29, 2
30, 2
31, 2
32, 2
33, 2
34, 2
35, 2
36, 3
37, 4
38, 5
39, 3
40, 3
41, 3
42, 3
43, 3
44, 3
45, 3
46, 3
47, 3
48, 4
49, 5
50, 6
51, 7
52, 4
53, 4
54, 4
55, 4
56, 4
57, 4
58, 4
59, 4
60, 5
61, 6
62, 7
63, 8
64, 9
65, 5
66, 5
67, 5
68, 5
69, 5
70, 5
71, 5
72, 6
73, 7
74, 8
75, 9
76, 10
77, 11
78, 6
79, 6
80, 6
81, 6
82, 6
83, 6
84, 7
85, 8
86, 9
87, 10
88, 11
89, 12
90, 13
91, 7
92, 7
93, 7
94, 7
95, 7
96, 8
97, 9
98, 10
99, 11
100, 12
101, 13
102, 14
103, 15
104, 8
105, 8
106, 8
107, 8
108, 9
109, 10
110, 11
111, 12
112, 13
113, 14
114, 15
115, 16
116, 17
117, 9
118, 9
119, 9
120, 10
121, 11
122, 12
123, 13
124, 14
125, 15
126, 16
127, 17
128, 18
129, 19
130, 10
131, 10
132, 11
133, 12
134, 13
135, 14
136, 15
137, 16
138, 17
139, 18
140, 19
141, 20
142, 21
143, 11
144, 12
145, 13
146, 14
147, 15
148, 16
149, 17
150, 18
151, 19
152, 20
153, 21
154, 22
155, 23
156, 13
157, 14
158, 15
159, 16
160, 17
161, 18
162, 19
163, 20
164, 21
165, 22
166, 23
167, 24
168, 26
169, 14
170, 14
171, 14
172, 14
173, 14
174, 14
175, 14
176, 14
177, 14
178, 14
179, 14
180, 15
181, 16
182, 15
183, 15
184, 15
185, 15
186, 15
187, 15
188, 15
189, 15
190, 15
191, 15
192, 16
193, 17
194, 18
195, 16
196, 16
197, 16
198, 16
199, 16
200, 16
201, 16
202, 16
203, 16
204, 17
205, 18
206, 19
207, 20
208, 17
209, 17
210, 17
211, 17
212, 17
213, 17
214, 17
215, 17
216, 18
217, 19
218, 20
219, 21
220, 22
221, 18
222, 18
223, 18
224, 18
225, 18
226, 18
227, 18
228, 19
229, 20
230, 21
231, 22
232, 23
233, 24
234, 19
235, 19
236, 19
237, 19
238, 19
239, 19
240, 20
241, 21
242, 22
243, 23
244, 24
245, 25
246, 26
247, 20
248, 20
249, 20
250, 20
251, 20
252, 21
253, 22
254, 23
255, 24
256, 25
257, 26
258, 27
259, 28
260, 21
261, 21
262, 21
263, 21
264, 22
265, 23
266, 24
267, 25
268, 26
269, 27
270, 28
271, 29
272, 30
273, 22
274, 22
275, 22
276, 23
277, 24
278, 25
279, 26
280, 27
281, 28
282, 29
283, 30
284, 31
285, 32
286, 23
287, 23
288, 24
289, 25
290, 26
291, 27
292, 28
293, 29
294, 30
295, 31
296, 32
297, 33
298, 34
299, 24
300, 25
301, 26
302, 27
303, 28
304, 29
305, 30
306, 31
307, 32
308, 33
309, 34
310, 35
311, 36
312, 26
313, 27
314, 28
315, 29
316, 30
317, 31
318, 32
319, 33
320, 34
321, 35
322, 36
323, 37
324, 39
325, 53
326, 54
327, 55
328, 56
329, 57
330, 58
331, 59
332, 60
333, 61
334, 62
335, 63
336, 64
337, 66
338, 28
339, 28
340, 28
341, 28
342, 28
343, 28
344, 28
345, 28
346, 28
347, 28
348, 29
349, 30
350, 31
351, 29
352, 29
353, 29
354, 29
355, 29
356, 29
357, 29
358, 29
359, 29
360, 30
361, 31
362, 32
363, 33
364, 30
365, 30
366, 30
367, 30
368, 30
369, 30
370, 30
371, 30
372, 31
373, 32
374, 33
375, 34
376, 35
377, 31
378, 31
379, 31
380, 31
381, 31
382, 31
383, 31
384, 32
385, 33
386, 34
387, 35
388, 36
389, 37
390, 32
391, 32
392, 32
393, 32
394, 32
395, 32
396, 33
397, 34
398, 35
399, 36
400, 37
401, 38
402, 39
403, 33
404, 33
405, 33
406, 33
407, 33
408, 34
409, 35
410, 36
411, 37
412, 38
413, 39
414, 40
415, 41
416, 34
417, 34
418, 34
419, 34
420, 35
421, 36
422, 37
423, 38
424, 39
425, 40
426, 41
427, 42
428, 43
429, 35
430, 35
431, 35
432, 36
433, 37
434, 38
435, 39
436, 40
437, 41
438, 42
439, 43
440, 44
441, 45
442, 36
443, 36
444, 37
445, 38
446, 39
447, 40
448, 41
449, 42
450, 43
451, 44
452, 45
453, 46
454, 47
455, 37
456, 38
457, 39
458, 40
459, 41
460, 42
461, 43
462, 44
463, 45
464, 46
465, 47
466, 48
467, 49
468, 39
469, 40
470, 41
471, 42
472, 43
473, 44
474, 45
475, 46
476, 47
477, 48
478, 49
479, 50
480, 52
481, 66
482, 67
483, 68
484, 69
485, 70
486, 71
487, 72
488, 73
489, 74
490, 75
491, 76
492, 77
493, 79
494, 92
495, 93
496, 94
497, 95
498, 96
499, 97
500, 98
501, 99
502, 100
503, 100
504, 102
505, 104
506, 106
507, 42
508, 42
509, 42
510, 42
511, 42
512, 42
513, 42
514, 42
515, 42
516, 43
517, 44
518, 45
519, 46
520, 43
521, 43
522, 43
523, 43
524, 43
525, 43
526, 43
527, 43
528, 44
529, 45
530, 46
531, 47
532, 48
533, 44
534, 44
535, 44
536, 44
537, 44
538, 44
539, 44
540, 45
541, 46
542, 47
543, 48
544, 49
545, 50
546, 45
547, 45
548, 45
549, 45
550, 45
551, 45
552, 46
553, 47
554, 48
555, 49
556, 50
557, 51
558, 52
559, 46
560, 46
561, 46
562, 46
563, 46
564, 47
565, 48
566, 49
567, 50
568, 51
569, 52
570, 53
571, 54
572, 47
573, 47
574, 47
575, 47
576, 48
577, 49
578, 50
579, 51
580, 52
581, 53
582, 54
583, 55
584, 56
585, 48
586, 48
587, 48
588, 49
589, 50
590, 51
591, 52
592, 53
593, 54
594, 55
595, 56
596, 57
597, 58
598, 49
599, 49
600, 50
601, 51
602, 52
603, 53
604, 54
605, 55
606, 56
607, 57
608, 58
609, 59
610, 60
611, 50
612, 51
613, 52
614, 53
615, 54
616, 55
617, 56
618, 57
619, 58
620, 59
621, 60
622, 61
623, 62
624, 52
625, 53
626, 54
627, 55
628, 56
629, 57
630, 58
631, 59
632, 60
633, 61
634, 62
635, 63
636, 65
637, 79
638, 80
639, 81
640, 82
641, 83
642, 84
643, 85
644, 86
645, 87
646, 88
647, 89
648, 90
649, 92
650, 105
651, 106
652, 107
653, 108
654, 109
655, 110
656, 111
657, 112
658, 113
659, 113
660, 115
661, 117
662, 119
663, 131
664, 132
665, 133
666, 134
667, 135
668, 136
669, 137
670, 137
671, 138
672, 140
673, 142
674, 144
675, 146
676, 56
677, 56
678, 56
679, 56
680, 56
681, 56
682, 56
683, 56
684, 57
685, 58
686, 59
687, 60
688, 61
689, 57
690, 57
691, 57
692, 57
693, 57
694, 57
695, 57
696, 58
697, 59
698, 60
699, 61
700, 62
701, 63
702, 58
703, 58
704, 58
705, 58
706, 58
707, 58
708, 59
709, 60
710, 61
711, 62
712, 63
713, 64
714, 65
715, 59
716, 59
717, 59
718, 59
719, 59
720, 60
721, 61
722, 62
723, 63
724, 64
725, 65
726, 66
727, 67
728, 60
729, 60
730, 60
731, 60
732, 61
733, 62
734, 63
735, 64
736, 65
737, 66
738, 67
739, 68
740, 69
741, 61
742, 61
743, 61
744, 62
745, 63
746, 64
747, 65
748, 66
749, 67
750, 68
751, 69
752, 70
753, 71
754, 62
755, 62
756, 63
757, 64
758, 65
759, 66
760, 67
761, 68
762, 69
763, 70
764, 71
765, 72
766, 73
767, 63
768, 64
769, 65
770, 66
771, 67
772, 68
773, 69
774, 70
775, 71
776, 72
777, 73
778, 74
779, 75
780, 65
781, 66
782, 67
783, 68
784, 69
785, 70
786, 71
787, 72
788, 73
789, 74
790, 75
791, 76
792, 78
793, 92
794, 93
795, 94
796, 95
797, 96
798, 97
799, 98
800, 99
801, 100
802, 101
803, 102
804, 103
805, 105
806, 118
807, 119
808, 120
809, 121
810, 122
811, 123
812, 124
813, 125
814, 126
815, 126
816, 128
817, 130
818, 132
819, 144
820, 145
821, 146
822, 147
823, 148
824, 149
825, 150
826, 150
827, 151
828, 153
829, 155
830, 157
831, 159
832, 170
833, 171
834, 172
835, 173
836, 174
837, 174
838, 175
839, 176
840, 178
841, 180
842, 182
843, 184
844, 186
845, 70
846, 70
847, 70
848, 70
849, 70
850, 70
851, 70
852, 71
853, 72
854, 73
855, 74
856, 75
857, 76
858, 71
859, 71
860, 71
861, 71
862, 71
863, 71
864, 72
865, 73
866, 74
867, 75
868, 76
869, 77
870, 78
871, 72
872, 72
873, 72
874, 72
875, 72
876, 73
877, 74
878, 75
879, 76
880, 77
881, 78
882, 79
883, 80
884, 73
885, 73
886, 73
887, 73
888, 74
889, 75
890, 76
891, 77
892, 78
893, 79
894, 80
895, 81
896, 82
897, 74
898, 74
899, 74
900, 75
901, 76
902, 77
903, 78
904, 79
905, 80
906, 81
907, 82
908, 83
909, 84
910, 75
911, 75
912, 76
913, 77
914, 78
915, 79
916, 80
917, 81
918, 82
919, 83
920, 84
921, 85
922, 86
923, 76
924, 77
925, 78
926, 79
927, 80
928, 81
929, 82
930, 83
931, 84
932, 85
933, 86
934, 87
935, 88
936, 78
937, 79
938, 80
939, 81
940, 82
941, 83
942, 84
943, 85
944, 86
945, 87
946, 88
947, 89
948, 91
949, 105
950, 106
951, 107
952, 108
953, 109
954, 110
955, 111
956, 112
957, 113
958, 114
959, 115
960, 116
961, 118
962, 131
963, 132
964, 133
965, 134
966, 135
967, 136
968, 137
969, 138
970, 139
971, 139
972, 141
973, 143
974, 145
975, 157
976, 158
977, 159
978, 160
979, 161
980, 162
981, 163
982, 163
983, 164
984, 166
985, 168
986, 170
987, 172
988, 183
989, 184
990, 185
991, 186
992, 187
993, 187
994, 188
995, 189
996, 191
997, 193
998, 195
999, 197
1000, 199
1001, -1
1002, -1
1003, -1
1004, -1
1005, -1
1006, -1
1007, -1
1008, -1
1009, -1
1010, -1
1011, -1
1012, -1
1013, -1
1014, 84
1015, 84
1016, 84
1017, 84
1018, 84
1019, 84
1020, 85
1021, 86
1022, 87
1023, 88
1024, 89
1025, 90
1026, 91
1027, 85
1028, 85
1029, 85
1030, 85
1031, 85
1032, 86
1033, 87
1034, 88
1035, 89
1036, 90
1037, 91
1038, 92
1039, 93
1040, 86
1041, 86
1042, 86
1043, 86
1044, 87
1045, 88
1046, 89
1047, 90
1048, 91
1049, 92
1050, 93
1051, 94
1052, 95
1053, 87
1054, 87
1055, 87
1056, 88
1057, 89
1058, 90
1059, 91
1060, 92
1061, 93
1062, 94
1063, 95
1064, 96
1065, 97
1066, 88
1067, 88
1068, 89
1069, 90
1070, 91
1071, 92
1072, 93
1073, 94
1074, 95
1075, 96
1076, 97
1077, 98
1078, 99
1079, 89
1080, 90
1081, 91
1082, 92
1083, 93
1084, 94
1085, 95
1086, 96
1087, 97
1088, 98
1089, 99
1090, 100
1091, 101
1092, 91
1093, 92
1094, 93
1095, 94
1096, 95
1097, 96
1098, 97
1099, 98
1100, 99
1101, 100
1102, 101
1103, 102
1104, 104
1105, 118
1106, 119
1107, 120
1108, 121
1109, 122
1110, 123
1111, 124
1112, 125
1113, 126
1114, 127
1115, 128
1116, 129
1117, 131
1118, 144
1119, 145
1120, 146
1121, 147
1122, 148
1123, 149
1124, 150
1125, 151
1126, 152
1127, 152
1128, 154
1129, 156
1130, 158
1131, 170
1132, 171
1133, 172
1134, 173
1135, 174
1136, 175
1137, 176
1138, 176
1139, 177
1140, 179
1141, 181
1142, 183
1143, 185
1144, 196
1145, 197
1146, 198
1147, 199
1148, 200
1149, 200
1150, -1
1151, -1
1152, -1
1153, -1
1154, -1
1155, -1
1156, -1
1157, -1
1158, -1
1159, -1
1160, -1
1161, -1
1162, -1
1163, -1
1164, -1
1165, -1
1166, -1
1167, -1
1168, -1
1169, -1
1170, -1
1171, -1
1172, -1
1173, -1
1174, -1
1175, -1
1176, -1
1177, -1
1178, -1
1179, -1
1180, -1
1181, -1
1182, -1
1183, 98
1184, 98
1185, 98
1186, 98
1187, 98
1188, 99
1189, 100
1190, 101
1191, 102
1192, 103
1193, 104
1194, 105
1195, 106
1196, 99
1197, 99
1198, 99
1199, 99
1200, 100
1201, 101
1202, 102
1203, 103
1204, 104
1205, 105
1206, 106
1207, 107
1208, 108
1209, 100
1210, 100
1211, 100
1212, 101
1213, 102
1214, 103
1215, 104
1216, 105
1217, 106
1218, 107
1219, 108
1220, 109
1221, 110
1222, 101
1223, 101
1224, 102
1225, 103
1226, 104
1227, 105
1228, 106
1229, 107
1230, 108
1231, 109
1232, 110
1233, 111
1234, 112
1235, 102
1236, 103
1237, 104
1238, 105
1239, 106
1240, 107
1241, 108
1242, 109
1243, 110
1244, 111
1245, 112
1246, 113
1247, 114
1248, 104
1249, 105
1250, 106
1251, 107
1252, 108
1253, 109
1254, 110
1255, 111
1256, 112
1257, 113
1258, 114
1259, 115
1260, 117
1261, 131
1262, 132
1263, 133
1264, 134
1265, 135
1266, 136
1267, 137
1268, 138
1269, 139
1270, 140
1271, 141
1272, 142
1273, 144
1274, 157
1275, 158
1276, 159
1277, 160
1278, 161
1279, 162
1280, 163
1281, 164
1282, 165
1283, 165
1284, 167
1285, 169
1286, 171
1287, 183
1288, 184
1289, 185
1290, 186
1291, 187
1292, 188
1293, 189
1294, 189
1295, 190
1296, 192
1297, 194
1298, 196
1299, 198
1300, -1
1301, -1
1302, -1
1303, -1
1304, -1
1305, -1
1306, -1
1307, -1
1308, -1
1309, -1
1310, -1
1311, -1
1312, -1
1313, -1
1314, -1
1315, -1
1316, -1
1317, -1
1318, -1
1319, -1
1320, -1
1321, -1
1322, -1
1323, -1
1324, -1
1325, -1
1326, -1
1327, -1
1328, -1
1329, -1
1330, -1
1331, -1
1332, -1
1333, -1
1334, -1
1335, -1
1336, -1
1337, -1
1338, -1
1339, -1
1340, -1
1341, -1
1342, -1
1343, -1
1344, -1
1345, -1
1346, -1
1347, -1
1348, -1
1349, -1
1350, -1
1351, -1
1352, 112
1353, 112
1354, 112
1355, 112
1356, 113
1357, 114
1358, 115
1359, 116
1360, 117
1361, 118
1362, 119
1363, 120
1364, 121
1365, 113
1366, 113
1367, 113
1368, 114
1369, 115
1370, 116
1371, 117
1372, 118
1373, 119
1374, 120
1375, 121
1376, 122
1377, 123
1378, 114
1379, 114
1380, 115
1381, 116
1382, 117
1383, 118
1384, 119
1385, 120
1386, 121
1387, 122
1388, 123
1389, 124
1390, 125
1391, 115
1392, 116
1393, 117
1394, 118
1395, 119
1396, 120
1397, 121
1398, 122
1399, 123
1400, 124
1401, 125
1402, 126
1403, 127
1404, 117
1405, 118
1406, 119
1407, 120
1408, 121
1409, 122
1410, 123
1411, 124
1412, 125
1413, 126
1414, 127
1415, 128
1416, 130
1417, 144
1418, 145
1419, 146
1420, 147
1421, 148
1422, 149
1423, 150
1424, 151
1425, 152
1426, 153
1427, 154
1428, 155
1429, 157
1430, 170
1431, 171
1432, 172
1433, 173
1434, 174
1435, 175
1436, 176
1437, 177
1438, 178
1439, 178
1440, 180
1441, 182
1442, 184
1443, 196
1444, 197
1445, 198
1446, 199
1447, 200
1448, -1
1449, -1
1450, -1
1451, -1
1452, -1
1453, -1
1454, -1
1455, -1
1456, -1
1457, -1
1458, -1
1459, -1
1460, -1
1461, -1
1462, -1
1463, -1
1464, -1
1465, -1
1466, -1
1467, -1
1468, -1
1469, -1
1470, -1
1471, -1
1472, -1
1473, -1
1474, -1
1475, -1
1476, -1
1477, -1
1478, -1
1479, -1
1480, -1
1481, -1
1482, -1
1483, -1
1484, -1
1485, -1
1486, -1
1487, -1
1488, -1
1489, -1
1490, -1
1491, -1
1492, -1
1493, -1
1494, -1
1495, -1
1496, -1
1497, -1
1498, -1
1499, -1
1500, -1
1501, -1
1502, -1
1503, -1
1504, -1
1505, -1
1506, -1
1507, -1
1508, -1
1509, -1
1510, -1
1511, -1
1512, -1
1513, -1
1514, -1
1515, -1
1516, -1
1517, -1
1518, -1
1519, -1
1520, -1
1521, 126
1522, 126
1523, 126
1524, 127
1525, 128
1526, 129
1527, 130
1528, 131
1529, 132
1530, 133
1531, 134
1532, 135
1533, 136
1534, 127
1535, 127
1536, 128
1537, 129
1538, 130
1539, 131
1540, 132
1541, 133
1542, 134
1543, 135
1544, 136
1545, 137
1546, 138
1547, 128
1548, 129
1549, 130
1550, 131
1551, 132
1552, 133
1553, 134
1554, 135
1555, 136
1556, 137
1557, 138
1558, 139
1559, 140
1560, 130
1561, 131
1562, 132
1563, 133
1564, 134
1565, 135
1566, 136
1567, 137
1568, 138
1569, 139
1570, 140
1571, 141
1572, 143
1573, 157
1574, 158
1575, 159
1576, 160
1577, 161
1578, 162
1579, 163
1580, 164
1581, 165
1582, 166
1583, 167
1584, 168
1585, 170
1586, 183
1587, 184
1588, 185
1589, 186
1590, 187
1591, 188
1592, 189
1593, 190
1594, 191
1595, 191
1596, 193
1597, 195
1598, 197
1599, -1
1600, -1
1601, -1
1602, -1
1603, -1
1604, -1
1605, -1
1606, -1
1607, -1
1608, -1
1609, -1
1610, -1
1611, -1
1612, -1
1613, -1
1614, -1
1615, -1
1616, -1
1617, -1
1618, -1
1619, -1
1620, -1
1621, -1
1622, -1
1623, -1
1624, -1
1625, -1
1626, -1
1627, -1
1628, -1
1629, -1
1630, -1
1631, -1
1632, -1
1633, -1
1634, -1
1635, -1
1636, -1
1637, -1
1638, -1
1639, -1
1640, -1
1641, -1
1642, -1
1643, -1
1644, -1
1645, -1
1646, -1
1647, -1
1648, -1
1649, -1
1650, -1
1651, -1
1652, -1
1653, -1
1654, -1
1655, -1
1656, -1
1657, -1
1658, -1
1659, -1
1660, -1
1661, -1
1662, -1
1663, -1
1664, -1
1665, -1
1666, -1
1667, -1
1668, -1
1669, -1
1670, -1
1671, -1
1672, -1
1673, -1
1674, -1
1675, -1
1676, -1
1677, -1
1678, -1
1679, -1
1680, -1
1681, -1
1682, -1
1683, -1
1684, -1
1685, -1
1686, -1
1687, -1
1688, -1
1689, -1
1690, 140
1691, 140
1692, 141
1693, 142
1694, 143
1695, 144
1696, 145
1697, 146
1698, 147
1699, 148
1700, 149
1701, 150
1702, 151
1703, 141
1704, 142
1705, 143
1706, 144
1707, 145
1708, 146
1709, 147
1710, 148
1711, 149
1712, 150
1713, 151
1714, 152
1715, 153
1716, 143
1717, 144
1718, 145
1719, 146
1720, 147
1721, 148
1722, 149
1723, 150
1724, 151
1725, 152
1726, 153
1727, 154
1728, 156
1729, 170
1730, 171
1731, 172
1732, 173
1733, 174
1734, 175
1735, 176
1736, 177
1737, 178
1738, 179
1739, 180
1740, 181
1741, 183
1742, 196
1743, 197
1744, 198
1745, 199
1746, 200
1747, -1
1748, -1
1749, -1
1750, -1
1751, -1
1752, -1
1753, -1
1754, -1
1755, -1
1756, -1
1757, -1
1758, -1
1759, -1
1760, -1
1761, -1
1762, -1
1763, -1
1764, -1
1765, -1
1766, -1
1767, -1
1768, -1
1769, -1
1770, -1
1771, -1
1772, -1
1773, -1
1774, -1
1775, -1
1776, -1
1777, -1
1778, -1
1779, -1
1780, -1
1781, -1
1782, -1
1783, -1
1784, -1
1785, -1
1786, -1
1787, -1
1788, -1
1789, -1
1790, -1
1791, -1
1792, -1
1793, -1
1794, -1
1795, -1
1796, -1
1797, -1
1798, -1
1799, -1
1800, -1
1801, -1
1802, -1
1803, -1
1804, -1
1805, -1
1806, -1
1807, -1
1808, -1
1809, -1
1810, -1
1811, -1
1812, -1
1813, -1
1814, -1
1815, -1
1816, -1
1817, -1
1818, -1
1819, -1
1820, -1
1821, -1
1822, -1
1823, -1
1824, -1
1825, -1
1826, -1
1827, -1
1828, -1
1829, -1
1830, -1
1831, -1
1832, -1
1833, -1
1834, -1
1835, -1
1836, -1
1837, -1
1838, -1
1839, -1
1840, -1
1841, -1
1842, -1
1843, -1
1844, -1
1845, -1
1846, -1
1847, -1
1848, -1
1849, -1
1850, -1
1851, -1
1852, -1
1853, -1
1854, -1
1855, -1
1856, -1
1857, -1
1858, -1
1859, 154
1860, 155
1861, 156
1862, 157
1863, 158
1864, 159
1865, 160
1866, 161
1867, 162
1868, 163
1869, 164
1870, 165
1871, 166
1872, 156
1873, 157
1874, 158
1875, 159
1876, 160
1877, 161
1878, 162
1879, 163
1880, 164
1881, 165
1882, 166
1883, 167
1884, 169
1885, 183
1886, 184
1887, 185
1888, 186
1889, 187
1890, 188
1891, 189
1892, 190
1893, 191
1894, 192
1895, 193
1896, 194
1897, 196
1898, -1
1899, -1
1900, -1
1901, -1
1902, -1
1903, -1
1904, -1
1905, -1
1906, -1
1907, -1
1908, -1
1909, -1
1910, -1
1911, -1
1912, -1
1913, -1
1914, -1
1915, -1
1916, -1
1917, -1
1918, -1
1919, -1
1920, -1
1921, -1
1922, -1
1923, -1
1924, -1
1925, -1
1926, -1
1927, -1
1928, -1
1929, -1
1930, -1
1931, -1
1932, -1
1933, -1
1934, -1
1935, -1
1936, -1
1937, -1
1938, -1
1939, -1
1940, -1
1941, -1
1942, -1
1943, -1
1944, -1
1945, -1
1946, -1
1947, -1
1948, -1
1949, -1
1950, -1
1951, -1
1952, -1
1953, -1
1954, -1
1955, -1
1956, -1
1957, -1
1958, -1
1959, -1
1960, -1
1961, -1
1962, -1
1963, -1
1964, -1
1965, -1
1966, -1
1967, -1
1968, -1
1969, -1
1970, -1
1971, -1
1972, -1
1973, -1
1974, -1
1975, -1
1976, -1
1977, -1
1978, -1
1979, -1
1980, -1
1981, -1
1982, -1
1983, -1
1984, -1
1985, -1
1986, -1
1987, -1
1988, -1
1989, -1
1990, -1
1991, -1
1992, -1
1993, -1
1994, -1
1995, -1
1996, -1
1997, -1
1998, -1
1999, -1
2000, -1
2001, -1
2002, -1
2003, -1
2004, -1
2005, -1
2006, -1
2007, -1
2008, -1
2009, -1
2010, -1
2011, -1
2012, -1
2013, -1
2014, -1
2015, -1
2016, -1
2017, -1
2018, -1
2019, -1
2020, -1
2021, -1
2022, -1
2023, -1
2024, -1
2025, -1
2026, -1
2027, -1
2028, 169
2029, 170
2030, 171
2031, 172
2032, 173
2033, 174
2034, 175
2035, 176
2036, 177
2037, 178
2038, 179
2039, 180
2040, 182
2041, 196
2042, 197
2043, 198
2044, 199
2045, 200
2046, -1
2047, -1
2048, -1
2049, -1
2050, -1
2051, -1
2052, -1
2053, -1
2054, -1
2055, -1
2056, -1
2057, -1
2058, -1
2059, -1
2060, -1
2061, -1
2062, -1
2063, -1
2064, -1
2065, -1
2066, -1
2067, -1
2068, -1
2069, -1
2070, -1
2071, -1
2072, -1
2073, -1
2074, -1
2075, -1
2076, -1
2077, -1
2078, -1
2079, -1
2080, -1
2081, -1
2082, -1
2083, -1
2084, -1
2085, -1
2086, -1
2087, -1
2088, -1
2089, -1
2090, -1
2091, -1
2092, -1
2093, -1
2094, -1
2095, -1
2096, -1
2097, -1
2098, -1
2099, -1
2100, -1
2101, -1
2102, -1
2103, -1
2104, -1
2105, -1
2106, -1
2107, -1
2108, -1
2109, -1
2110, -1
2111, -1
2112, -1
2113, -1
2114, -1
2115, -1
2116, -1
2117, -1
2118, -1
2119, -1
2120, -1
2121, -1
2122, -1
2123, -1
2124, -1
2125, -1
2126, -1
2127, -1
2128, -1
2129, -1
2130, -1
2131, -1
2132, -1
2133, -1
2134, -1
2135, -1
2136, -1
2137, -1
2138, -1
2139, -1
2140, -1
2141, -1
2142, -1
2143, -1
2144, -1
2145, -1
2146, -1
2147, -1
2148, -1
2149, -1
2150, -1
2151, -1
2152, -1
2153, -1
2154, -1
2155, -1
2156, -1
2157, -1
2158, -1
2159, -1
2160, -1
2161, -1
2162, -1
2163, -1
2164, -1
2165, -1
2166, -1
2167, -1
2168, -1
2169, -1
2170, -1
2171, -1
2172, -1
2173, -1
2174, -1
2175, -1
2176, -1
2177, -1
2178, -1
2179, -1
2180, -1
2181, -1
2182, -1
2183, -1
2184, -1
2185, -1
2186, -1
2187, -1
2188, -1
2189, -1
2190, -1
2191, -1
2192, -1
2193, -1
2194, -1
2195, -1
2196, -1
2197, 183
2198, 183
2199, 183
2200, 183
2201, 183
2202, 183
2203, 183
2204, 183
2205, 183
2206, 183
2207, 183
2208, 184
2209, 185
2210, 184
2211, 184
2212, 184
2213, 184
2214, 184
2215, 184
2216, 184
2217, 184
2218, 184
2219, 184
2220, 185
2221, 186
2222, 187
2223, 185
2224, 185
2225, 185
2226, 185
2227, 185
2228, 185
2229, 185
2230, 185
2231, 185
2232, 186
2233, 187
2234, 188
2235, 189
2236, 186
2237, 186
2238, 186
2239, 186
2240, 186
2241, 186
2242, 186
2243, 186
2244, 187
2245, 188
2246, 189
2247, 190
2248, 191
2249, 187
2250, 187
2251, 187
2252, 187
2253, 187
2254, 187
2255, 187
2256, 188
2257, 189
2258, 190
2259, 191
2260, 192
2261, 193
2262, 188
2263, 188
2264, 188
2265, 188
2266, 188
2267, 188
2268, 189
2269, 190
2270, 191
2271, 192
2272, 193
2273, 194
2274, 195
2275, 189
2276, 189
2277, 189
2278, 189
2279, 189
2280, 190
2281, 191
2282, 192
2283, 193
2284, 194
2285, 195
2286, 196
2287, 197
2288, 190
2289, 190
2290, 190
2291, 190
2292, 191
2293, 192
2294, 193
2295, 194
2296, 195
2297, 196
2298, 197
2299, 198
2300, 199
2301, 191
2302, 191
2303, 191
2304, 192
2305, 193
2306, 194
2307, 195
2308, 196
2309, 197
2310, 198
2311, 199
2312, 200
2313, -1
2314, 192
2315, 192
2316, 193
2317, 194
2318, 195
2319, 196
2320, 197
2321, 198
2322, 199
2323, 200
2324, -1
2325, -1
2326, -1
2327, 193
2328, 194
2329, 195
2330, 196
2331, 197
2332, 198
2333, 199
2334, 200
2335, -1
2336, -1
2337, -1
2338, -1
2339, -1
2340, 195
2341, 196
2342, 197
2343, 198
2344, 199
2345, 200
2346, -1
2347, -1
2348, -1
2349, -1
2350, -1
2351, -1
2352, -1
2353, -1
2354, -1
2355, -1
2356, -1
2357, -1
2358, -1
2359, -1
2360, -1
2361, -1
2362, -1
2363, -1
2364, -1
2365, -1
2366, 197
2367, 197
2368, 197
2369, 197
2370, 197
2371, 197
2372, 197
2373, 197
2374, 197
2375, 197
2376, 198
2377, 199
2378, 200
2379, 198
2380, 198
2381, 198
2382, 198
2383, 198
2384, 198
2385, 198
2386, 198
2387, 198
2388, 199
2389, 200
2390, -1
2391, -1
2392, 199
2393, 199
2394, 199
2395, 199
2396, 199
2397, 199
2398, 199
2399, 199
2400, 200
2401, -1
2402, -1
2403, -1
2404, -1
2405, 200
2406, 200
2407, 200
2408, 200
2409, 200
2410, 200
2411, 200
