x, n0
0, 0
1, 0
2, 0
3, 0
4, 0
5, 0
6, 0
7, 0
8, 0
9, 0
10, 0
11, 0
12, 0
13, 0
14, 0
15, 0
16, 0
17, 0
18, 0
19, 0
20, 0
21, 0
22, 0
23, 0
24, 1
25, 1
26, 1
27, 1
28, 1
29, 2
30, 1
31, 1
32, 1
33, 1
34, 2
35, 1
36, 1
37, 1
38, 1
39, 2
40, 1
41, 1
42, 1
43, 1
44, 2
45, 1
46, 1
47, 1
48, 2
49, 3
50, 2
51, 2
52, 2
53, 3
54, 4
55, 2
56, 2
57, 2
58, 3
59, 4
60, 2
61, 2
62, 2
63, 3
64, 4
65, 2
66, 2
67, 2
68, 3
69, 4
70, 2
71, 2
72, 3
73, 4
74, 5
75, 3
76, 3
77, 4
78, 5
79, 6
80, 3
81, 3
82, 4
83, 5
84, 6
85, 3
86, 3
87, 4
88, 5
89, 6
90, 3
91, 3
92, 4
93, 5
94, 6
95, 3
96, 4
97, 5
98, 6
99, 7
100, 4
101, 5
102, 6
103, 7
104, 8
105, 4
106, 5
107, 6
108, 7
109, 8
110, 4
111, 5
112, 6
113, 7
114, 8
115, 4
116, 5
117, 6
118, 7
119, 8
120, 5
121, 6
122, 7
123, 8
124, 9
125, 5
126, 5
127, 5
128, 5
129, 5
130, 5
131, 5
132, 5
133, 5
134, 5
135, 5
136, 5
137, 5
138, 5
139, 5
140, 5
141, 5
142, 5
143, 5
144, 6
145, 6
146, 6
147, 6
148, 6
149, 7
150, 6
151, 6
152, 6
153, 6
154, 7
155, 6
156, 6
157, 6
158, 6
159, 7
160, 6
161, 6
162, 6
163, 6
164, 7
165, 6
166, 6
167, 6
168, 7
169, 8
170, 7
171, 7
172, 7
173, 8
174, 9
175, 7
176, 7
177, 7
178, 8
179, 9
180, 7
181, 7
182, 7
183, 8
184, 9
185, 7
186, 7
187, 7
188, 8
189, 9
190, 7
191, 7
192, 8
193, 9
194, 10
195, 8
196, 8
197, 9
198, 10
199, 11
200, 8
201, 8
202, 9
203, 10
204, 11
205, 8
206, 8
207, 9
208, 10
209, 11
210, 8
211, 8
212, 9
213, 10
214, 11
215, 8
216, 9
217, 10
218, 11
219, 12
220, 9
221, 10
222, 11
223, 12
224, 13
225, 9
226, 10
227, 11
228, 12
229, 13
230, 9
231, 10
232, 11
233, 12
234, 13
235, 9
236, 10
237, 11
238, 12
239, 13
240, 10
241, 11
242, 12
243, 13
244, 14
245, 15
246, 16
247, 17
248, 18
249, 19
250, 10
251, 10
252, 10
253, 10
254, 10
255, 10
256, 10
257, 10
258, 10
259, 10
260, 10
261, 10
262, 10
263, 10
264, 11
265, 11
266, 11
267, 11
268, 11
269, 12
270, 11
271, 11
272, 11
273, 11
274, 12
275, 11
276, 11
277, 11
278, 11
279, 12
280, 11
281, 11
282, 11
283, 11
284, 12
285, 11
286, 11
287, 11
288, 12
289, 13
290, 12
291, 12
292, 12
293, 13
294, 14
295, 12
296, 12
297, 12
298, 13
299, 14
300, 12
301, 12
302, 12
303, 13
304, 14
305, 12
306, 12
307, 12
308, 13
309, 14
310, 12
311, 12
312, 13
313, 14
314, 15
315, 13
316, 13
317, 14
318, 15
319, 16
320, 13
321, 13
322, 14
323, 15
324, 16
325, 13
326, 13
327, 14
328, 15
329, 16
330, 13
331, 13
332, 14
333, 15
334, 16
335, 13
336, 14
337, 15
338, 16
339, 17
340, 14
341, 15
342, 16
343, 17
344, 18
345, 14
346, 15
347, 16
348, 17
349, 18
350, 14
351, 15
352, 16
353, 17
354, 18
355, 14
356, 15
357, 16
358, 17
359, 18
360, 15
361, 16
362, 17
363, 18
364, 19
365, 20
366, 21
367, 22
368, 23
369, 24
370, 25
371, 26
372, 27
373, 28
374, 29
375, 15
376, 15
377, 15
378, 15
379, 15
380, 15
381, 15
382, 15
383, 15
384, 16
385, 16
386, 16
387, 16
388, 16
389, 17
390, 16
391, 16
392, 16
393, 16
394, 17
395, 16
396, 16
397, 16
398, 16
399, 17
400, 16
401, 16
402, 16
403, 16
404, 17
405, 16
406, 16
407, 16
408, 17
409, 18
410, 17
411, 17
412, 17
413, 18
414, 19
415, 17
416, 17
417, 17
418, 18
419, 19
420, 17
421, 17
422, 17
423, 18
424, 19
425, 17
426, 17
427, 17
428, 18
429, 19
430, 17
431, 17
432, 18
433, 19
434, 20
435, 18
436, 18
437, 19
438, 20
439, 21
440, 18
441, 18
442, 19
443, 20
444, 21
445, 18
446, 18
447, 19
448, 20
449, 21
450, 18
451, 18
452, 19
453, 20
454, 21
455, 18
456, 19
457, 20
458, 21
459, 22
460, 19
461, 20
462, 21
463, 22
464, 23
465, 19
466, 20
467, 21
468, 22
469, 23
470, 19
471, 20
472, 21
473, 22
474, 23
475, 19
476, 20
477, 21
478, 22
479, 23
480, 20
481, 21
482, 22
483, 23
484, 24
485, 25
486, 26
487, 27
488, 28
489, 29
490, 30
491, 31
492, 32
493, 33
494, 34
495, 35
496, 36
497, 37
498, 38
499, 39
500, 20
501, 20
502, 20
503, 20
504, 21
505, 21
506, 21
507, 21
508, 21
509, 22
510, 21
511, 21
512, 21
513, 21
514, 22
515, 21
516, 21
517, 21
518, 21
519, 22
520, 21
521, 21
522, 21
523, 21
524, 22
525, 21
526, 21
527, 21
528, 22
529, 23
530, 22
531, 22
532, 22
533, 23
534, 24
535, 22
536, 22
537, 22
538, 23
539, 24
540, 22
541, 22
542, 22
543, 23
544, 24
545, 22
546, 22
547, 22
548, 23
549, 24
550, 22
551, 22
552, 23
553, 24
554, 25
555, 23
556, 23
557, 24
558, 25
559, 26
560, 23
561, 23
562, 24
563, 25
564, 26
565, 23
566, 23
567, 24
568, 25
569, 26
570, 23
571, 23
572, 24
573, 25
574, 26
575, 23
576, 24
577, 25
578, 26
579, 27
580, 24
581, 25
582, 26
583, 27
584, 28
585, 24
586, 25
587, 26
588, 27
589, 28
590, 24
591, 25
592, 26
593, 27
594, 28
595, 24
596, 25
597, 26
598, 27
599, 28
600, 25
601, 26
602, 27
603, 28
604, 29
605, 30
606, 31
607, 32
608, 33
609, 34
610, 35
611, 36
612, 37
613, 38
614, 39
615, 40
616, 41
617, 42
618, 43
619, 44
620, 45
621, 46
622, 47
623, 48
624, 50
625, 26
626, 26
627, 26
628, 26
629, 27
630, 26
631, 26
632, 26
633, 26
634, 27
635, 26
636, 26
637, 26
638, 26
639, 27
640, 26
641, 26
642, 26
643, 26
644, 27
645, 26
646, 26
647, 26
648, 27
649, 28
650, 27
651, 27
652, 27
653, 28
654, 29
655, 27
656, 27
657, 27
658, 28
659, 29
660, 27
661, 27
662, 27
663, 28
664, 29
665, 27
666, 27
667, 27
668, 28
669, 29
670, 27
671, 27
672, 28
673, 29
674, 30
675, 28
676, 28
677, 29
678, 30
679, 31
680, 28
681, 28
682, 29
683, 30
684, 31
685, 28
686, 28
687, 29
688, 30
689, 31
690, 28
691, 28
692, 29
693, 30
694, 31
695, 28
696, 29
697, 30
698, 31
699, 32
700, 29
701, 30
702, 31
703, 32
704, 33
705, 29
706, 30
707, 31
708, 32
709, 33
710, 29
711, 30
712, 31
713, 32
714, 33
715, 29
716, 30
717, 31
718, 32
719, 33
720, 30
721, 31
722, 32
723, 33
724, 34
725, 60
726, 61
727, 62
728, 63
729, 64
730, 65
731, 66
732, 67
733, 68
734, 69
735, 70
736, 71
737, 72
738, 73
739, 74
740, 75
741, 76
742, 77
743, 78
744, 80
745, 81
746, 82
747, 83
748, 83
749, 85
750, 31
751, 31
752, 31
753, 31
754, 32
755, 31
756, 31
757, 31
758, 31
759, 32
760, 31
761, 31
762, 31
763, 31
764, 32
765, 31
766, 31
767, 31
768, 32
769, 33
770, 32
771, 32
772, 32
773, 33
774, 34
775, 32
776, 32
777, 32
778, 33
779, 34
780, 32
781, 32
782, 32
783, 33
784, 34
785, 32
786, 32
787, 32
788, 33
789, 34
790, 32
791, 32
792, 33
793, 34
794, 35
795, 33
796, 33
797, 34
798, 35
799, 36
800, 33
801, 33
802, 34
803, 35
804, 36
805, 33
806, 33
807, 34
808, 35
809, 36
810, 33
811, 33
812, 34
813, 35
814, 36
815, 33
816, 34
817, 35
818, 36
819, 37
820, 34
821, 35
822, 36
823, 37
824, 38
825, 34
826, 35
827, 36
828, 37
829, 38
830, 34
831, 35
832, 36
833, 37
834, 38
835, 34
836, 35
837, 36
838, 37
839, 38
840, 35
841, 36
842, 37
843, 38
844, 39
845, 40
846, 41
847, 42
848, 43
849, 44
850, 70
851, 71
852, 72
853, 73
854, 74
855, 75
856, 76
857, 77
858, 78
859, 79
860, 80
861, 81
862, 82
863, 83
864, 85
865, 86
866, 87
867, 88
868, 88
869, 90
870, 90
871, 91
872, 92
873, 93
874, 95
875, 36
876, 36
877, 36
878, 36
879, 37
880, 36
881, 36
882, 36
883, 36
884, 37
885, 36
886, 36
887, 36
888, 37
889, 38
890, 37
891, 37
892, 37
893, 38
894, 39
895, 37
896, 37
897, 37
898, 38
899, 39
900, 37
901, 37
902, 37
903, 38
904, 39
905, 37
906, 37
907, 37
908, 38
909, 39
910, 37
911, 37
912, 38
913, 39
914, 40
915, 38
916, 38
917, 39
918, 40
919, 41
920, 38
921, 38
922, 39
923, 40
924, 41
925, 38
926, 38
927, 39
928, 40
929, 41
930, 38
931, 38
932, 39
933, 40
934, 41
935, 38
936, 39
937, 40
938, 41
939, 42
940, 39
941, 40
942, 41
943, 42
944, 43
945, 39
946, 40
947, 41
948, 42
949, 43
950, 39
951, 40
952, 41
953, 42
954, 43
955, 39
956, 40
957, 41
958, 42
959, 43
960, 40
961, 41
962, 42
963, 43
964, 44
965, 45
966, 46
967, 47
968, 48
969, 49
970, 50
971, 51
972, 52
973, 53
974, 54
975, 80
976, 81
977, 82
978, 83
979, 84
980, 85
981, 86
982, 87
983, 88
984, 90
985, 91
986, 92
987, 93
988, 93
989, 95
990, 95
991, 96
992, 97
993, 98
994, 100
995, 100
996, 101
997, 102
998, 103
999, 105
1000, 41
1001, 41
1002, 41
1003, 41
1004, 42
1005, 41
1006, 41
1007, 41
1008, 42
1009, 43
1010, 42
1011, 42
1012, 42
1013, 43
1014, 44
1015, 42
1016, 42
1017, 42
1018, 43
1019, 44
1020, 42
1021, 42
1022, 42
1023, 43
1024, 44
1025, 42
1026, 42
1027, 42
1028, 43
1029, 44
1030, 42
1031, 42
1032, 43
1033, 44
1034, 45
1035, 43
1036, 43
1037, 44
1038, 45
1039, 46
1040, 43
1041, 43
1042, 44
1043, 45
1044, 46
1045, 43
1046, 43
1047, 44
1048, 45
1049, 46
1050, 43
1051, 43
1052, 44
1053, 45
1054, 46
1055, 43
1056, 44
1057, 45
1058, 46
1059, 47
1060, 44
1061, 45
1062, 46
1063, 47
1064, 48
1065, 44
1066, 45
1067, 46
1068, 47
1069, 48
1070, 44
1071, 45
1072, 46
1073, 47
1074, 48
1075, 44
1076, 45
1077, 46
1078, 47
1079, 48
1080, 45
1081, 46
1082, 47
1083, 48
1084, 49
1085, 50
1086, 51
1087, 52
1088, 53
1089, 54
1090, 55
1091, 56
1092, 57
1093, 58
1094, 59
1095, 60
1096, 61
1097, 62
1098, 63
1099, 64
1100, 90
1101, 91
1102, 92
1103, 93
1104, 95
1105, 96
1106, 97
1107, 98
1108, 98
1109, 100
1110, 100
1111, 101
1112, 102
1113, 103
1114, 105
1115, 105
1116, 106
1117, 107
1118, 108
1119, 110
1120, 110
1121, 111
1122, 112
1123, 113
1124, 115
1125, 46
1126, 46
1127, 46
1128, 47
1129, 48
1130, 47
1131, 47
1132, 47
1133, 48
1134, 49
1135, 47
1136, 47
1137, 47
1138, 48
1139, 49
1140, 47
1141, 47
1142, 47
1143, 48
1144, 49
1145, 47
1146, 47
1147, 47
1148, 48
1149, 49
1150, 47
1151, 47
1152, 48
1153, 49
1154, 50
1155, 48
1156, 48
1157, 49
1158, 50
1159, 51
1160, 48
1161, 48
1162, 49
1163, 50
1164, 51
1165, 48
1166, 48
1167, 49
1168, 50
1169, 51
1170, 48
1171, 48
1172, 49
1173, 50
1174, 51
1175, 48
1176, 49
1177, 50
1178, 51
1179, 52
1180, 49
1181, 50
1182, 51
1183, 52
1184, 53
1185, 49
1186, 50
1187, 51
1188, 52
1189, 53
1190, 49
1191, 50
1192, 51
1193, 52
1194, 53
1195, 49
1196, 50
1197, 51
1198, 52
1199, 53
1200, 50
1201, 51
1202, 52
1203, 53
1204, 54
1205, 55
1206, 56
1207, 57
1208, 58
1209, 59
1210, 60
1211, 61
1212, 62
1213, 63
1214, 64
1215, 65
1216, 66
1217, 67
1218, 68
1219, 69
1220, 70
1221, 71
1222, 72
1223, 73
1224, 75
1225, 101
1226, 102
1227, 103
1228, 103
1229, 105
1230, 105
1231, 106
1232, 107
1233, 108
1234, 110
1235, 110
1236, 111
1237, 112
1238, 113
1239, 115
1240, 115
1241, 116
1242, 117
1243, 118
1244, 120
1245, 120
1246, 121
1247, 122
1248, 124
1249, 126
1250, 52
1251, 52
1252, 52
1253, 53
1254, 54
1255, 52
1256, 52
1257, 52
1258, 53
1259, 54
1260, 52
1261, 52
1262, 52
1263, 53
1264, 54
1265, 52
1266, 52
1267, 52
1268, 53
1269, 54
1270, 52
1271, 52
1272, 53
1273, 54
1274, 55
1275, 53
1276, 53
1277, 54
1278, 55
1279, 56
1280, 53
1281, 53
1282, 54
1283, 55
1284, 56
1285, 53
1286, 53
1287, 54
1288, 55
1289, 56
1290, 53
1291, 53
1292, 54
1293, 55
1294, 56
1295, 53
1296, 54
1297, 55
1298, 56
1299, 57
1300, 54
1301, 55
1302, 56
1303, 57
1304, 58
1305, 54
1306, 55
1307, 56
1308, 57
1309, 58
1310, 54
1311, 55
1312, 56
1313, 57
1314, 58
1315, 54
1316, 55
1317, 56
1318, 57
1319, 58
1320, 55
1321, 56
1322, 57
1323, 58
1324, 59
1325, 85
1326, 86
1327, 87
1328, 88
1329, 89
1330, 90
1331, 91
1332, 92
1333, 93
1334, 94
1335, 95
1336, 96
1337, 97
1338, 98
1339, 99
1340, 100
1341, 101
1342, 102
1343, 103
1344, 105
1345, 106
1346, 107
1347, 108
1348, 108
1349, 110
1350, 135
1351, 136
1352, 137
1353, 138
1354, 140
1355, 140
1356, 141
1357, 142
1358, 143
1359, 145
1360, 145
1361, 146
1362, 147
1363, 148
1364, 150
1365, 150
1366, 151
1367, 152
1368, 154
1369, 156
1370, 156
1371, 156
1372, 157
1373, 159
1374, 161
1375, 57
1376, 57
1377, 57
1378, 58
1379, 59
1380, 57
1381, 57
1382, 57
1383, 58
1384, 59
1385, 57
1386, 57
1387, 57
1388, 58
1389, 59
1390, 57
1391, 57
1392, 58
1393, 59
1394, 60
1395, 58
1396, 58
1397, 59
1398, 60
1399, 61
1400, 58
1401, 58
1402, 59
1403, 60
1404, 61
1405, 58
1406, 58
1407, 59
1408, 60
1409, 61
1410, 58
1411, 58
1412, 59
1413, 60
1414, 61
1415, 58
1416, 59
1417, 60
1418, 61
1419, 62
1420, 59
1421, 60
1422, 61
1423, 62
1424, 63
1425, 59
1426, 60
1427, 61
1428, 62
1429, 63
1430, 59
1431, 60
1432, 61
1433, 62
1434, 63
1435, 59
1436, 60
1437, 61
1438, 62
1439, 63
1440, 60
1441, 61
1442, 62
1443, 63
1444, 64
1445, 65
1446, 66
1447, 67
1448, 68
1449, 69
1450, 95
1451, 96
1452, 97
1453, 98
1454, 99
1455, 100
1456, 101
1457, 102
1458, 103
1459, 104
1460, 105
1461, 106
1462, 107
1463, 108
1464, 110
1465, 111
1466, 112
1467, 113
1468, 113
1469, 115
1470, 115
1471, 116
1472, 117
1473, 118
1474, 120
1475, 145
1476, 146
1477, 147
1478, 148
1479, 150
1480, 150
1481, 151
1482, 152
1483, 153
1484, 155
1485, 155
1486, 156
1487, 157
1488, 159
1489, 161
1490, 161
1491, 161
1492, 162
1493, 164
1494, 166
1495, 165
1496, 166
1497, 167
1498, 169
1499, 171
1500, 62
1501, 62
1502, 62
1503, 63
1504, 64
1505, 62
1506, 62
1507, 62
1508, 63
1509, 64
1510, 62
1511, 62
1512, 63
1513, 64
1514, 65
1515, 63
1516, 63
1517, 64
1518, 65
1519, 66
1520, 63
1521, 63
1522, 64
1523, 65
1524, 66
1525, 63
1526, 63
1527, 64
1528, 65
1529, 66
1530, 63
1531, 63
1532, 64
1533, 65
1534, 66
1535, 63
1536, 64
1537, 65
1538, 66
1539, 67
1540, 64
1541, 65
1542, 66
1543, 67
1544, 68
1545, 64
1546, 65
1547, 66
1548, 67
1549, 68
1550, 64
1551, 65
1552, 66
1553, 67
1554, 68
1555, 64
1556, 65
1557, 66
1558, 67
1559, 68
1560, 65
1561, 66
1562, 67
1563, 68
1564, 69
1565, 70
1566, 71
1567, 72
1568, 73
1569, 74
1570, 75
1571, 76
1572, 77
1573, 78
1574, 79
1575, 105
1576, 106
1577, 107
1578, 108
1579, 109
1580, 110
1581, 111
1582, 112
1583, 113
1584, 115
1585, 116
1586, 117
1587, 118
1588, 118
1589, 120
1590, 120
1591, 121
1592, 122
1593, 123
1594, 125
1595, 125
1596, 126
1597, 127
1598, 128
1599, 130
1600, 155
1601, 156
1602, 157
1603, 158
1604, 160
1605, 160
1606, 161
1607, 162
1608, 164
1609, 166
1610, 166
1611, 166
1612, 167
1613, 169
1614, 171
1615, 170
1616, 171
1617, 172
1618, 174
1619, 176
1620, 175
1621, 176
1622, 177
1623, 179
1624, 181
1625, 67
1626, 67
1627, 67
1628, 68
1629, 69
1630, 67
1631, 67
1632, 68
1633, 69
1634, 70
1635, 68
1636, 68
1637, 69
1638, 70
1639, 71
1640, 68
1641, 68
1642, 69
1643, 70
1644, 71
1645, 68
1646, 68
1647, 69
1648, 70
1649, 71
1650, 68
1651, 68
1652, 69
1653, 70
1654, 71
1655, 68
1656, 69
1657, 70
1658, 71
1659, 72
1660, 69
1661, 70
1662, 71
1663, 72
1664, 73
1665, 69
1666, 70
1667, 71
1668, 72
1669, 73
1670, 69
1671, 70
1672, 71
1673, 72
1674, 73
1675, 69
1676, 70
1677, 71
1678, 72
1679, 73
1680, 70
1681, 71
1682, 72
1683, 73
1684, 74
1685, 75
1686, 76
1687, 77
1688, 78
1689, 79
1690, 80
1691, 81
1692, 82
1693, 83
1694, 84
1695, 85
1696, 86
1697, 87
1698, 88
1699, 89
1700, 115
1701, 116
1702, 117
1703, 118
1704, 120
1705, 121
1706, 122
1707, 123
1708, 123
1709, 125
1710, 125
1711, 126
1712, 127
1713, 128
1714, 130
1715, 130
1716, 131
1717, 132
1718, 133
1719, 135
1720, 135
1721, 136
1722, 137
1723, 138
1724, 140
1725, 165
1726, 166
1727, 167
1728, 169
1729, 171
1730, 171
1731, 171
1732, 172
1733, 174
1734, 176
1735, 175
1736, 176
1737, 177
1738, 179
1739, 181
1740, 180
1741, 181
1742, 182
1743, 184
1744, 186
1745, 185
1746, 186
1747, 187
1748, 189
1749, 191
1750, 72
1751, 72
1752, 73
1753, 74
1754, 75
1755, 73
1756, 73
1757, 74
1758, 75
1759, 76
1760, 73
1761, 73
1762, 74
1763, 75
1764, 76
1765, 73
1766, 73
1767, 74
1768, 75
1769, 76
1770, 73
1771, 73
1772, 74
1773, 75
1774, 76
1775, 73
1776, 74
1777, 75
1778, 76
1779, 77
1780, 74
1781, 75
1782, 76
1783, 77
1784, 78
1785, 74
1786, 75
1787, 76
1788, 77
1789, 78
1790, 74
1791, 75
1792, 76
1793, 77
1794, 78
1795, 74
1796, 75
1797, 76
1798, 77
1799, 78
1800, 75
1801, 76
1802, 77
1803, 78
1804, 79
1805, 80
1806, 81
1807, 82
1808, 83
1809, 84
1810, 85
1811, 86
1812, 87
1813, 88
1814, 89
1815, 90
1816, 91
1817, 92
1818, 93
1819, 94
1820, 95
1821, 96
1822, 97
1823, 98
1824, 100
1825, 126
1826, 127
1827, 128
1828, 128
1829, 130
1830, 130
1831, 131
1832, 132
1833, 133
1834, 135
1835, 135
1836, 136
1837, 137
1838, 138
1839, 140
1840, 140
1841, 141
1842, 142
1843, 143
1844, 145
1845, 145
1846, 146
1847, 147
1848, 149
1849, 151
1850, 176
1851, 176
1852, 177
1853, 179
1854, 181
1855, 180
1856, 181
1857, 182
1858, 184
1859, 186
1860, 185
1861, 186
1862, 187
1863, 189
1864, 191
1865, 190
1866, 191
1867, 192
1868, 194
1869, 196
1870, 195
1871, 196
1872, 198
1873, 200
1874, -1
1875, 78
1876, 78
1877, 79
1878, 80
1879, 81
1880, 78
1881, 78
1882, 79
1883, 80
1884, 81
1885, 78
1886, 78
1887, 79
1888, 80
1889, 81
1890, 78
1891, 78
1892, 79
1893, 80
1894, 81
1895, 78
1896, 79
1897, 80
1898, 81
1899, 82
1900, 79
1901, 80
1902, 81
1903, 82
1904, 83
1905, 79
1906, 80
1907, 81
1908, 82
1909, 83
1910, 79
1911, 80
1912, 81
1913, 82
1914, 83
1915, 79
1916, 80
1917, 81
1918, 82
1919, 83
1920, 80
1921, 81
1922, 82
1923, 83
1924, 84
1925, 110
1926, 111
1927, 112
1928, 113
1929, 114
1930, 115
1931, 116
1932, 117
1933, 118
1934, 119
1935, 120
1936, 121
1937, 122
1938, 123
1939, 124
1940, 125
1941, 126
1942, 127
1943, 128
1944, 130
1945, 131
1946, 132
1947, 133
1948, 133
1949, 135
1950, 160
1951, 161
1952, 162
1953, 163
1954, 165
1955, 165
1956, 166
1957, 167
1958, 168
1959, 170
1960, 170
1961, 171
1962, 172
1963, 173
1964, 175
1965, 175
1966, 176
1967, 177
1968, 179
1969, 181
1970, 181
1971, 181
1972, 182
1973, 184
1974, 186
1975, 186
1976, 187
1977, 188
1978, 190
1979, 195
1980, 191
1981, 192
1982, 193
1983, 195
1984, 200
1985, 196
1986, 197
1987, 198
1988, 200
1989, -1
1990, -1
1991, -1
1992, -1
1993, -1
1994, -1
1995, -1
1996, -1
1997, -1
1998, -1
1999, -1
2000, 83
2001, 83
2002, 84
2003, 85
2004, 86
2005, 83
2006, 83
2007, 84
2008, 85
2009, 86
2010, 83
2011, 83
2012, 84
2013, 85
2014, 86
2015, 83
2016, 84
2017, 85
2018, 86
2019, 87
2020, 84
2021, 85
2022, 86
2023, 87
2024, 88
2025, 84
2026, 85
2027, 86
2028, 87
2029, 88
2030, 84
2031, 85
2032, 86
2033, 87
2034, 88
2035, 84
2036, 85
2037, 86
2038, 87
2039, 88
2040, 85
2041, 86
2042, 87
2043, 88
2044, 89
2045, 90
2046, 91
2047, 92
2048, 93
2049, 94
2050, 120
2051, 121
2052, 122
2053, 123
2054, 124
2055, 125
2056, 126
2057, 127
2058, 128
2059, 129
2060, 130
2061, 131
2062, 132
2063, 133
2064, 135
2065, 136
2066, 137
2067, 138
2068, 138
2069, 140
2070, 140
2071, 141
2072, 142
2073, 143
2074, 145
2075, 170
2076, 171
2077, 172
2078, 173
2079, 175
2080, 175
2081, 176
2082, 177
2083, 178
2084, 180
2085, 180
2086, 181
2087, 182
2088, 184
2089, 186
2090, 186
2091, 186
2092, 187
2093, 189
2094, 191
2095, 190
2096, 191
2097, 192
2098, 194
2099, 196
2100, 196
2101, 197
2102, 198
2103, 200
2104, -1
2105, -1
2106, -1
2107, -1
2108, -1
2109, -1
2110, -1
2111, -1
2112, -1
2113, -1
2114, -1
2115, -1
2116, -1
2117, -1
2118, -1
2119, -1
2120, -1
2121, -1
2122, -1
2123, -1
2124, -1
2125, 88
2126, 88
2127, 89
2128, 90
2129, 91
2130, 88
2131, 88
2132, 89
2133, 90
2134, 91
2135, 88
2136, 89
2137, 90
2138, 91
2139, 92
2140, 89
2141, 90
2142, 91
2143, 92
2144, 93
2145, 89
2146, 90
2147, 91
2148, 92
2149, 93
2150, 89
2151, 90
2152, 91
2153, 92
2154, 93
2155, 89
2156, 90
2157, 91
2158, 92
2159, 93
2160, 90
2161, 91
2162, 92
2163, 93
2164, 94
2165, 95
2166, 96
2167, 97
2168, 98
2169, 99
2170, 100
2171, 101
2172, 102
2173, 103
2174, 104
2175, 130
2176, 131
2177, 132
2178, 133
2179, 134
2180, 135
2181, 136
2182, 137
2183, 138
2184, 140
2185, 141
2186, 142
2187, 143
2188, 143
2189, 145
2190, 145
2191, 146
2192, 147
2193, 148
2194, 150
2195, 150
2196, 151
2197, 152
2198, 153
2199, 155
2200, 180
2201, 181
2202, 182
2203, 183
2204, 185
2205, 185
2206, 186
2207, 187
2208, 189
2209, 191
2210, 191
2211, 191
2212, 192
2213, 194
2214, 196
2215, 195
2216, 196
2217, 197
2218, 199
2219, -1
2220, 200
2221, -1
2222, -1
2223, -1
2224, -1
2225, -1
2226, -1
2227, -1
2228, -1
2229, -1
2230, -1
2231, -1
2232, -1
2233, -1
2234, -1
2235, -1
2236, -1
2237, -1
2238, -1
2239, -1
2240, -1
2241, -1
2242, -1
2243, -1
2244, -1
2245, -1
2246, -1
2247, -1
2248, -1
2249, -1
2250, 93
2251, 93
2252, 94
2253, 95
2254, 96
2255, 93
2256, 94
2257, 95
2258, 96
2259, 97
2260, 94
2261, 95
2262, 96
2263, 97
2264, 98
2265, 94
2266, 95
2267, 96
2268, 97
2269, 98
2270, 94
2271, 95
2272, 96
2273, 97
2274, 98
2275, 94
2276, 95
2277, 96
2278, 97
2279, 98
2280, 95
2281, 96
2282, 97
2283, 98
2284, 99
2285, 100
2286, 101
2287, 102
2288, 103
2289, 104
2290, 105
2291, 106
2292, 107
2293, 108
2294, 109
2295, 110
2296, 111
2297, 112
2298, 113
2299, 114
2300, 140
2301, 141
2302, 142
2303, 143
2304, 145
2305, 146
2306, 147
2307, 148
2308, 148
2309, 150
2310, 150
2311, 151
2312, 152
2313, 153
2314, 155
2315, 155
2316, 156
2317, 157
2318, 158
2319, 160
2320, 160
2321, 161
2322, 162
2323, 163
2324, 165
2325, 190
2326, 191
2327, 192
2328, 194
2329, 196
2330, 196
2331, 196
2332, 197
2333, 199
2334, -1
2335, 200
2336, -1
2337, -1
2338, -1
2339, -1
2340, -1
2341, -1
2342, -1
2343, -1
2344, -1
2345, -1
2346, -1
2347, -1
2348, -1
2349, -1
2350, -1
2351, -1
2352, -1
2353, -1
2354, -1
2355, -1
2356, -1
2357, -1
2358, -1
2359, -1
2360, -1
2361, -1
2362, -1
2363, -1
2364, -1
2365, -1
2366, -1
2367, -1
2368, -1
2369, -1
2370, -1
2371, -1
2372, -1
2373, -1
2374, -1
2375, 98
2376, 99
2377, 100
2378, 101
2379, 102
2380, 99
2381, 100
2382, 101
2383, 102
2384, 103
2385, 99
2386, 100
2387, 101
2388, 102
2389, 103
2390, 99
2391, 100
2392, 101
2393, 102
2394, 103
2395, 99
2396, 100
2397, 101
2398, 102
2399, 103
2400, 100
2401, 101
2402, 102
2403, 103
2404, 104
2405, 105
2406, 106
2407, 107
2408, 108
2409, 109
2410, 110
2411, 111
2412, 112
2413, 113
2414, 114
2415, 115
2416, 116
2417, 117
2418, 118
2419, 119
2420, 120
2421, 121
2422, 122
2423, 123
2424, 125
2425, 151
2426, 152
2427, 153
2428, 153
2429, 155
2430, 155
2431, 156
2432, 157
2433, 158
2434, 160
2435, 160
2436, 161
2437, 162
2438, 163
2439, 165
2440, 165
2441, 166
2442, 167
2443, 168
2444, 170
2445, 170
2446, 171
2447, 172
2448, 174
2449, 176
2450, -1
2451, -1
2452, -1
2453, -1
2454, -1
2455, -1
2456, -1
2457, -1
2458, -1
2459, -1
2460, -1
2461, -1
2462, -1
2463, -1
2464, -1
2465, -1
2466, -1
2467, -1
2468, -1
2469, -1
2470, -1
2471, -1
2472, -1
2473, -1
2474, -1
2475, -1
2476, -1
2477, -1
2478, -1
2479, -1
2480, -1
2481, -1
2482, -1
2483, -1
2484, -1
2485, -1
2486, -1
2487, -1
2488, -1
2489, -1
2490, -1
2491, -1
2492, -1
2493, -1
2494, -1
2495, -1
2496, -1
2497, -1
2498, -1
2499, -1
2500, 104
2501, 105
2502, 106
2503, 107
2504, 108
2505, 104
2506, 105
2507, 106
2508, 107
2509, 108
2510, 104
2511, 105
2512, 106
2513, 107
2514, 108
2515, 104
2516, 105
2517, 106
2518, 107
2519, 108
2520, 105
2521, 106
2522, 107
2523, 108
2524, 109
2525, 135
2526, 136
2527, 137
2528, 138
2529, 139
2530, 140
2531, 141
2532, 142
2533, 143
2534, 144
2535, 145
2536, 146
2537, 147
2538, 148
2539, 149
2540, 150
2541, 151
2542, 152
2543, 153
2544, 155
2545, 156
2546, 157
2547, 158
2548, 158
2549, 160
2550, 161
2551, 162
2552, 163
2553, 164
2554, 170
2555, 166
2556, 167
2557, 168
2558, 169
2559, 175
2560, 171
2561, 172
2562, 173
2563, 174
2564, 180
2565, 176
2566, 177
2567, 178
2568, 180
2569, 186
2570, 182
2571, 183
2572, 183
2573, 185
2574, 190
2575, -1
2576, -1
2577, -1
2578, -1
2579, -1
2580, -1
2581, -1
2582, -1
2583, -1
2584, -1
2585, -1
2586, -1
2587, -1
2588, -1
2589, -1
2590, -1
2591, -1
2592, -1
2593, -1
2594, -1
2595, -1
2596, -1
2597, -1
2598, -1
2599, -1
2600, -1
2601, -1
2602, -1
2603, -1
2604, -1
2605, -1
2606, -1
2607, -1
2608, -1
2609, -1
2610, -1
2611, -1
2612, -1
2613, -1
2614, -1
2615, -1
2616, -1
2617, -1
2618, -1
2619, -1
2620, -1
2621, -1
2622, -1
2623, -1
2624, -1
2625, 109
2626, 110
2627, 111
2628, 112
2629, 113
2630, 109
2631, 110
2632, 111
2633, 112
2634, 113
2635, 109
2636, 110
2637, 111
2638, 112
2639, 113
2640, 110
2641, 111
2642, 112
2643, 113
2644, 114
2645, 115
2646, 116
2647, 117
2648, 118
2649, 119
2650, 145
2651, 146
2652, 147
2653, 148
2654, 149
2655, 150
2656, 151
2657, 152
2658, 153
2659, 154
2660, 155
2661, 156
2662, 157
2663, 158
2664, 160
2665, 161
2666, 162
2667, 163
2668, 163
2669, 165
2670, 165
2671, 166
2672, 167
2673, 168
2674, 170
2675, 171
2676, 172
2677, 173
2678, 174
2679, 180
2680, 176
2681, 177
2682, 178
2683, 179
2684, 185
2685, 181
2686, 182
2687, 183
2688, 185
2689, 191
2690, 187
2691, 188
2692, 188
2693, 190
2694, 195
2695, 191
2696, 192
2697, 193
2698, 195
2699, 200
2700, -1
2701, -1
2702, -1
2703, -1
2704, -1
2705, -1
2706, -1
2707, -1
2708, -1
2709, -1
2710, -1
2711, -1
2712, -1
2713, -1
2714, -1
2715, -1
2716, -1
2717, -1
2718, -1
2719, -1
2720, -1
2721, -1
2722, -1
2723, -1
2724, -1
2725, -1
2726, -1
2727, -1
2728, -1
2729, -1
2730, -1
2731, -1
2732, -1
2733, -1
2734, -1
2735, -1
2736, -1
2737, -1
2738, -1
2739, -1
2740, -1
2741, -1
2742, -1
2743, -1
2744, -1
2745, -1
2746, -1
2747, -1
2748, -1
2749, -1
2750, 114
2751, 115
2752, 116
2753, 117
2754, 118
2755, 114
2756, 115
2757, 116
2758, 117
2759, 118
2760, 115
2761, 116
2762, 117
2763, 118
2764, 119
2765, 120
2766, 121
2767, 122
2768, 123
2769, 124
2770, 125
2771, 126
2772, 127
2773, 128
2774, 129
2775, 155
2776, 156
2777, 157
2778, 158
2779, 159
2780, 160
2781, 161
2782, 162
2783, 163
2784, 165
2785, 166
2786, 167
2787, 168
2788, 168
2789, 170
2790, 170
2791, 171
2792, 172
2793, 173
2794, 175
2795, 175
2796, 176
2797, 177
2798, 178
2799, 180
2800, 181
2801, 182
2802, 183
2803, 184
2804, 190
2805, 186
2806, 187
2807, 188
2808, 190
2809, 196
2810, 192
2811, 193
2812, 193
2813, 195
2814, 200
2815, 196
2816, 197
2817, 198
2818, 200
2819, -1
2820, -1
2821, -1
2822, -1
2823, -1
2824, -1
2825, -1
2826, -1
2827, -1
2828, -1
2829, -1
2830, -1
2831, -1
2832, -1
2833, -1
2834, -1
2835, -1
2836, -1
2837, -1
2838, -1
2839, -1
2840, -1
2841, -1
2842, -1
2843, -1
2844, -1
2845, -1
2846, -1
2847, -1
2848, -1
2849, -1
2850, -1
2851, -1
2852, -1
2853, -1
2854, -1
2855, -1
2856, -1
2857, -1
2858, -1
2859, -1
2860, -1
2861, -1
2862, -1
2863, -1
2864, -1
2865, -1
2866, -1
2867, -1
2868, -1
2869, -1
2870, -1
2871, -1
2872, -1
2873, -1
2874, -1
2875, 119
2876, 120
2877, 121
2878, 122
2879, 123
2880, 120
2881, 121
2882, 122
2883, 123
2884, 124
2885, 125
2886, 126
2887, 127
2888, 128
2889, 129
2890, 130
2891, 131
2892, 132
2893, 133
2894, 134
2895, 135
2896, 136
2897, 137
2898, 138
2899, 139
2900, 165
2901, 166
2902, 167
2903, 168
2904, 170
2905, 171
2906, 172
2907, 173
2908, 173
2909, 175
2910, 175
2911, 176
2912, 177
2913, 178
2914, 180
2915, 180
2916, 181
2917, 182
2918, 183
2919, 185
2920, 185
2921, 186
2922, 187
2923, 188
2924, 190
2925, 191
2926, 192
2927, 193
2928, 195
2929, -1
2930, 197
2931, 198
2932, 198
2933, 200
2934, -1
2935, -1
2936, -1
2937, -1
2938, -1
2939, -1
2940, -1
2941, -1
2942, -1
2943, -1
2944, -1
2945, -1
2946, -1
2947, -1
2948, -1
2949, -1
2950, -1
2951, -1
2952, -1
2953, -1
2954, -1
2955, -1
2956, -1
2957, -1
2958, -1
2959, -1
2960, -1
2961, -1
2962, -1
2963, -1
2964, -1
2965, -1
2966, -1
2967, -1
2968, -1
2969, -1
2970, -1
2971, -1
2972, -1
2973, -1
2974, -1
2975, -1
2976, -1
2977, -1
2978, -1
2979, -1
2980, -1
2981, -1
2982, -1
2983, -1
2984, -1
2985, -1
2986, -1
2987, -1
2988, -1
2989, -1
2990, -1
2991, -1
2992, -1
2993, -1
2994, -1
2995, -1
2996, -1
2997, -1
2998, -1
2999, -1
3000, 125
3001, 126
3002, 127
3003, 128
3004, 129
3005, 130
3006, 131
3007, 132
3008, 133
3009, 134
3010, 135
3011, 136
3012, 137
3013, 138
3014, 139
3015, 140
3016, 141
3017, 142
3018, 143
3019, 144
3020, 145
3021, 146
3022, 147
3023, 148
3024, 150
3025, 176
3026, 177
3027, 178
3028, 178
3029, 180
3030, 180
3031, 181
3032, 182
3033, 183
3034, 185
3035, 185
3036, 186
3037, 187
3038, 188
3039, 190
3040, 190
3041, 191
3042, 192
3043, 193
3044, 195
3045, 195
3046, 196
3047, 197
3048, 199
3049, -1
3050, -1
3051, -1
3052, -1
3053, -1
3054, -1
3055, -1
3056, -1
3057, -1
3058, -1
3059, -1
3060, -1
3061, -1
3062, -1
3063, -1
3064, -1
3065, -1
3066, -1
3067, -1
3068, -1
3069, -1
3070, -1
3071, -1
3072, -1
3073, -1
3074, -1
3075, -1
3076, -1
3077, -1
3078, -1
3079, -1
3080, -1
3081, -1
3082, -1
3083, -1
3084, -1
3085, -1
3086, -1
3087, -1
3088, -1
3089, -1
3090, -1
3091, -1
3092, -1
3093, -1
3094, -1
3095, -1
3096, -1
3097, -1
3098, -1
3099, -1
3100, -1
3101, -1
3102, -1
3103, -1
3104, -1
3105, -1
3106, -1
3107, -1
3108, -1
3109, -1
3110, -1
3111, -1
3112, -1
3113, -1
3114, -1
3115, -1
3116, -1
3117, -1
3118, -1
3119, -1
3120, -1
3121, -1
3122, -1
3123, -1
3124, -1
3125, 130
3126, 130
3127, 130
3128, 130
3129, 130
3130, 130
3131, 130
3132, 130
3133, 130
3134, 130
3135, 130
3136, 130
3137, 130
3138, 130
3139, 130
3140, 130
3141, 130
3142, 130
3143, 130
3144, 131
3145, 131
3146, 131
3147, 131
3148, 131
3149, 132
3150, 131
3151, 131
3152, 131
3153, 131
3154, 132
3155, 131
3156, 131
3157, 131
3158, 131
3159, 132
3160, 131
3161, 131
3162, 131
3163, 131
3164, 132
3165, 131
3166, 131
3167, 131
3168, 132
3169, 133
3170, 132
3171, 132
3172, 132
3173, 133
3174, 134
3175, 132
3176, 132
3177, 132
3178, 133
3179, 134
3180, 132
3181, 132
3182, 132
3183, 133
3184, 134
3185, 132
3186, 132
3187, 132
3188, 133
3189, 134
3190, 132
3191, 132
3192, 133
3193, 134
3194, 135
3195, 133
3196, 133
3197, 134
3198, 135
3199, 136
3200, 133
3201, 133
3202, 134
3203, 135
3204, 136
3205, 133
3206, 133
3207, 134
3208, 135
3209, 136
3210, 133
3211, 133
3212, 134
3213, 135
3214, 136
3215, 133
3216, 134
3217, 135
3218, 136
3219, 137
3220, 134
3221, 135
3222, 136
3223, 137
3224, 138
3225, 134
3226, 135
3227, 136
3228, 137
3229, 138
3230, 134
3231, 135
3232, 136
3233, 137
3234, 138
3235, 134
3236, 135
3237, 136
3238, 137
3239, 138
3240, 135
3241, 136
3242, 137
3243, 138
3244, 139
3245, 140
3246, 141
3247, 142
3248, 143
3249, 144
3250, 135
3251, 135
3252, 135
3253, 135
3254, 135
3255, 135
3256, 135
3257, 135
3258, 135
3259, 135
3260, 135
3261, 135
3262, 135
3263, 135
3264, 136
3265, 136
3266, 136
3267, 136
3268, 136
3269, 137
3270, 136
3271, 136
3272, 136
3273, 136
3274, 137
3275, 136
3276, 136
3277, 136
3278, 136
3279, 137
3280, 136
3281, 136
3282, 136
3283, 136
3284, 137
3285, 136
3286, 136
3287, 136
3288, 137
3289, 138
3290, 137
3291, 137
3292, 137
3293, 138
3294, 139
3295, 137
3296, 137
3297, 137
3298, 138
3299, 139
3300, 137
3301, 137
3302, 137
3303, 138
3304, 139
3305, 137
3306, 137
3307, 137
3308, 138
3309, 139
3310, 137
3311, 137
3312, 138
3313, 139
3314, 140
3315, 138
3316, 138
3317, 139
3318, 140
3319, 141
3320, 138
3321, 138
3322, 139
3323, 140
3324, 141
3325, 138
3326, 138
3327, 139
3328, 140
3329, 141
3330, 138
3331, 138
3332, 139
3333, 140
3334, 141
3335, 138
3336, 139
3337, 140
3338, 141
3339, 142
3340, 139
3341, 140
3342, 141
3343, 142
3344, 143
3345, 139
3346, 140
3347, 141
3348, 142
3349, 143
3350, 139
3351, 140
3352, 141
3353, 142
3354, 143
3355, 139
3356, 140
3357, 141
3358, 142
3359, 143
3360, 140
3361, 141
3362, 142
3363, 143
3364, 144
3365, 145
3366, 146
3367, 147
3368, 148
3369, 149
3370, 150
3371, 151
3372, 152
3373, 153
3374, 154
3375, 140
3376, 140
3377, 140
3378, 140
3379, 140
3380, 140
3381, 140
3382, 140
3383, 140
3384, 141
3385, 141
3386, 141
3387, 141
3388, 141
3389, 142
3390, 141
3391, 141
3392, 141
3393, 141
3394, 142
3395, 141
3396, 141
3397, 141
3398, 141
3399, 142
3400, 141
3401, 141
3402, 141
3403, 141
3404, 142
3405, 141
3406, 141
3407, 141
3408, 142
3409, 143
3410, 142
3411, 142
3412, 142
3413, 143
3414, 144
3415, 142
3416, 142
3417, 142
3418, 143
3419, 144
3420, 142
3421, 142
3422, 142
3423, 143
3424, 144
3425, 142
3426, 142
3427, 142
3428, 143
3429, 144
3430, 142
3431, 142
3432, 143
3433, 144
3434, 145
3435, 143
3436, 143
3437, 144
3438, 145
3439, 146
3440, 143
3441, 143
3442, 144
3443, 145
3444, 146
3445, 143
3446, 143
3447, 144
3448, 145
3449, 146
3450, 143
3451, 143
3452, 144
3453, 145
3454, 146
3455, 143
3456, 144
3457, 145
3458, 146
3459, 147
3460, 144
3461, 145
3462, 146
3463, 147
3464, 148
3465, 144
3466, 145
3467, 146
3468, 147
3469, 148
3470, 144
3471, 145
3472, 146
3473, 147
3474, 148
3475, 144
3476, 145
3477, 146
3478, 147
3479, 148
3480, 145
3481, 146
3482, 147
3483, 148
3484, 149
3485, 150
3486, 151
3487, 152
3488, 153
3489, 154
3490, 155
3491, 156
3492, 157
3493, 158
3494, 159
3495, 160
3496, 161
3497, 162
3498, 163
3499, 164
3500, 145
3501, 145
3502, 145
3503, 145
3504, 146
3505, 146
3506, 146
3507, 146
3508, 146
3509, 147
3510, 146
3511, 146
3512, 146
3513, 146
3514, 147
3515, 146
3516, 146
3517, 146
3518, 146
3519, 147
3520, 146
3521, 146
3522, 146
3523, 146
3524, 147
3525, 146
3526, 146
3527, 146
3528, 147
3529, 148
3530, 147
3531, 147
3532, 147
3533, 148
3534, 149
3535, 147
3536, 147
3537, 147
3538, 148
3539, 149
3540, 147
3541, 147
3542, 147
3543, 148
3544, 149
3545, 147
3546, 147
3547, 147
3548, 148
3549, 149
3550, 147
3551, 147
3552, 148
3553, 149
3554, 150
3555, 148
3556, 148
3557, 149
3558, 150
3559, 151
3560, 148
3561, 148
3562, 149
3563, 150
3564, 151
3565, 148
3566, 148
3567, 149
3568, 150
3569, 151
3570, 148
3571, 148
3572, 149
3573, 150
3574, 151
3575, 148
3576, 149
3577, 150
3578, 151
3579, 152
3580, 149
3581, 150
3582, 151
3583, 152
3584, 153
3585, 149
3586, 150
3587, 151
3588, 152
3589, 153
3590, 149
3591, 150
3592, 151
3593, 152
3594, 153
3595, 149
3596, 150
3597, 151
3598, 152
3599, 153
3600, 150
3601, 151
3602, 152
3603, 153
3604, 154
3605, 155
3606, 156
3607, 157
3608, 158
3609, 159
3610, 160
3611, 161
3612, 162
3613, 163
3614, 164
3615, 165
3616, 166
3617, 167
3618, 168
3619, 169
3620, 170
3621, 171
3622, 172
3623, 173
3624, 175
3625, 151
3626, 151
3627, 151
3628, 151
3629, 152
3630, 151
3631, 151
3632, 151
3633, 151
3634, 152
3635, 151
3636, 151
3637, 151
3638, 151
3639, 152
3640, 151
3641, 151
3642, 151
3643, 151
3644, 152
3645, 151
3646, 151
3647, 151
3648, 152
3649, 153
3650, 152
3651, 152
3652, 152
3653, 153
3654, 154
3655, 152
3656, 152
3657, 152
3658, 153
3659, 154
3660, 152
3661, 152
3662, 152
3663, 153
3664, 154
3665, 152
3666, 152
3667, 152
3668, 153
3669, 154
3670, 152
3671, 152
3672, 153
3673, 154
3674, 155
3675, 153
3676, 153
3677, 154
3678, 155
3679, 156
3680, 153
3681, 153
3682, 154
3683, 155
3684, 156
3685, 153
3686, 153
3687, 154
3688, 155
3689, 156
3690, 153
3691, 153
3692, 154
3693, 155
3694, 156
3695, 153
3696, 154
3697, 155
3698, 156
3699, 157
3700, 154
3701, 155
3702, 156
3703, 157
3704, 158
3705, 154
3706, 155
3707, 156
3708, 157
3709, 158
3710, 154
3711, 155
3712, 156
3713, 157
3714, 158
3715, 154
3716, 155
3717, 156
3718, 157
3719, 158
3720, 155
3721, 156
3722, 157
3723, 158
3724, 159
3725, 185
3726, 186
3727, 187
3728, 188
3729, 189
3730, 190
3731, 191
3732, 192
3733, 193
3734, 194
3735, 195
3736, 196
3737, 197
3738, 198
3739, 199
3740, 200
3741, -1
3742, -1
3743, -1
3744, -1
3745, -1
3746, -1
3747, -1
3748, -1
3749, -1
3750, 156
3751, 156
3752, 156
3753, 156
3754, 157
3755, 156
3756, 156
3757, 156
3758, 156
3759, 157
3760, 156
3761, 156
3762, 156
3763, 156
3764, 157
3765, 156
3766, 156
3767, 156
3768, 157
3769, 158
3770, 157
3771, 157
3772, 157
3773, 158
3774, 159
3775, 157
3776, 157
3777, 157
3778, 158
3779, 159
3780, 157
3781, 157
3782, 157
3783, 158
3784, 159
3785, 157
3786, 157
3787, 157
3788, 158
3789, 159
3790, 157
3791, 157
3792, 158
3793, 159
3794, 160
3795, 158
3796, 158
3797, 159
3798, 160
3799, 161
3800, 158
3801, 158
3802, 159
3803, 160
3804, 161
3805, 158
3806, 158
3807, 159
3808, 160
3809, 161
3810, 158
3811, 158
3812, 159
3813, 160
3814, 161
3815, 158
3816, 159
3817, 160
3818, 161
3819, 162
3820, 159
3821, 160
3822, 161
3823, 162
3824, 163
3825, 159
3826, 160
3827, 161
3828, 162
3829, 163
3830, 159
3831, 160
3832, 161
3833, 162
3834, 163
3835, 159
3836, 160
3837, 161
3838, 162
3839, 163
3840, 160
3841, 161
3842, 162
3843, 163
3844, 164
3845, 165
3846, 166
3847, 167
3848, 168
3849, 169
3850, 195
3851, 196
3852, 197
3853, 198
3854, 199
3855, 200
3856, -1
3857, -1
3858, -1
3859, -1
3860, -1
3861, -1
3862, -1
3863, -1
3864, -1
3865, -1
3866, -1
3867, -1
3868, -1
3869, -1
3870, -1
3871, -1
3872, -1
3873, -1
3874, -1
3875, 161
3876, 161
3877, 161
3878, 161
3879, 162
3880, 161
3881, 161
3882, 161
3883, 161
3884, 162
3885, 161
3886, 161
3887, 161
3888, 162
3889, 163
3890, 162
3891, 162
3892, 162
3893, 163
3894, 164
3895, 162
3896, 162
3897, 162
3898, 163
3899, 164
3900, 162
3901, 162
3902, 162
3903, 163
3904, 164
3905, 162
3906, 162
3907, 162
3908, 163
3909, 164
3910, 162
3911, 162
3912, 163
3913, 164
3914, 165
3915, 163
3916, 163
3917, 164
3918, 165
3919, 166
3920, 163
3921, 163
3922, 164
3923, 165
3924, 166
3925, 163
3926, 163
3927, 164
3928, 165
3929, 166
3930, 163
3931, 163
3932, 164
3933, 165
3934, 166
3935, 163
3936, 164
3937, 165
3938, 166
3939, 167
3940, 164
3941, 165
3942, 166
3943, 167
3944, 168
3945, 164
3946, 165
3947, 166
3948, 167
3949, 168
3950, 164
3951, 165
3952, 166
3953, 167
3954, 168
3955, 164
3956, 165
3957, 166
3958, 167
3959, 168
3960, 165
3961, 166
3962, 167
3963, 168
3964, 169
3965, 170
3966, 171
3967, 172
3968, 173
3969, 174
3970, 175
3971, 176
3972, 177
3973, 178
3974, 179
3975, -1
3976, -1
3977, -1
3978, -1
3979, -1
3980, -1
3981, -1
3982, -1
3983, -1
3984, -1
3985, -1
3986, -1
3987, -1
3988, -1
3989, -1
3990, -1
3991, -1
3992, -1
3993, -1
3994, -1
3995, -1
3996, -1
3997, -1
3998, -1
3999, -1
4000, 166
4001, 166
4002, 166
4003, 166
4004, 167
4005, 166
4006, 166
4007, 166
4008, 167
4009, 168
4010, 167
4011, 167
4012, 167
4013, 168
4014, 169
4015, 167
4016, 167
4017, 167
4018, 168
4019, 169
4020, 167
4021, 167
4022, 167
4023, 168
4024, 169
4025, 167
4026, 167
4027, 167
4028, 168
4029, 169
4030, 167
4031, 167
4032, 168
4033, 169
4034, 170
4035, 168
4036, 168
4037, 169
4038, 170
4039, 171
4040, 168
4041, 168
4042, 169
4043, 170
4044, 171
4045, 168
4046, 168
4047, 169
4048, 170
4049, 171
4050, 168
4051, 168
4052, 169
4053, 170
4054, 171
4055, 168
4056, 169
4057, 170
4058, 171
4059, 172
4060, 169
4061, 170
4062, 171
4063, 172
4064, 173
4065, 169
4066, 170
4067, 171
4068, 172
4069, 173
4070, 169
4071, 170
4072, 171
4073, 172
4074, 173
4075, 169
4076, 170
4077, 171
4078, 172
4079, 173
4080, 170
4081, 171
4082, 172
4083, 173
4084, 174
4085, 175
4086, 176
4087, 177
4088, 178
4089, 179
4090, 180
4091, 181
4092, 182
4093, 183
4094, 184
4095, 185
4096, 186
4097, 187
4098, 188
4099, 189
4100, -1
4101, -1
4102, -1
4103, -1
4104, -1
4105, -1
4106, -1
4107, -1
4108, -1
4109, -1
4110, -1
4111, -1
4112, -1
4113, -1
4114, -1
4115, -1
4116, -1
4117, -1
4118, -1
4119, -1
4120, -1
4121, -1
4122, -1
4123, -1
4124, -1
4125, 171
4126, 171
4127, 171
4128, 172
4129, 173
4130, 172
4131, 172
4132, 172
4133, 173
4134, 174
4135, 172
4136, 172
4137, 172
4138, 173
4139, 174
4140, 172
4141, 172
4142, 172
4143, 173
4144, 174
4145, 172
4146, 172
4147, 172
4148, 173
4149, 174
4150, 172
4151, 172
4152, 173
4153, 174
4154, 175
4155, 173
4156, 173
4157, 174
4158, 175
4159, 176
4160, 173
4161, 173
4162, 174
4163, 175
4164, 176
4165, 173
4166, 173
4167, 174
4168, 175
4169, 176
4170, 173
4171, 173
4172, 174
4173, 175
4174, 176
4175, 173
4176, 174
4177, 175
4178, 176
4179, 177
4180, 174
4181, 175
4182, 176
4183, 177
4184, 178
4185, 174
4186, 175
4187, 176
4188, 177
4189, 178
4190, 174
4191, 175
4192, 176
4193, 177
4194, 178
4195, 174
4196, 175
4197, 176
4198, 177
4199, 178
4200, 175
4201, 176
4202, 177
4203, 178
4204, 179
4205, 180
4206, 181
4207, 182
4208, 183
4209, 184
4210, 185
4211, 186
4212, 187
4213, 188
4214, 189
4215, 190
4216, 191
4217, 192
4218, 193
4219, 194
4220, 195
4221, 196
4222, 197
4223, 198
4224, 200
4225, -1
4226, -1
4227, -1
4228, -1
4229, -1
4230, -1
4231, -1
4232, -1
4233, -1
4234, -1
4235, -1
4236, -1
4237, -1
4238, -1
4239, -1
4240, -1
4241, -1
4242, -1
4243, -1
4244, -1
4245, -1
4246, -1
4247, -1
4248, -1
4249, -1
4250, 177
4251, 177
4252, 177
4253, 178
4254, 179
4255, 177
4256, 177
4257, 177
4258, 178
4259, 179
4260, 177
4261, 177
4262, 177
4263, 178
4264, 179
4265, 177
4266, 177
4267, 177
4268, 178
4269, 179
4270, 177
4271, 177
4272, 178
4273, 179
4274, 180
4275, 178
4276, 178
4277, 179
4278, 180
4279, 181
4280, 178
4281, 178
4282, 179
4283, 180
4284, 181
4285, 178
4286, 178
4287, 179
4288, 180
4289, 181
4290, 178
4291, 178
4292, 179
4293, 180
4294, 181
4295, 178
4296, 179
4297, 180
4298, 181
4299, 182
4300, 179
4301, 180
4302, 181
4303, 182
4304, 183
4305, 179
4306, 180
4307, 181
4308, 182
4309, 183
4310, 179
4311, 180
4312, 181
4313, 182
4314, 183
4315, 179
4316, 180
4317, 181
4318, 182
4319, 183
4320, 180
4321, 181
4322, 182
4323, 183
4324, 184
4325, -1
4326, -1
4327, -1
4328, -1
4329, -1
4330, -1
4331, -1
4332, -1
4333, -1
4334, -1
4335, -1
4336, -1
4337, -1
4338, -1
4339, -1
4340, -1
4341, -1
4342, -1
4343, -1
4344, -1
4345, -1
4346, -1
4347, -1
4348, -1
4349, -1
4350, -1
4351, -1
4352, -1
4353, -1
4354, -1
4355, -1
4356, -1
4357, -1
4358, -1
4359, -1
4360, -1
4361, -1
4362, -1
4363, -1
4364, -1
4365, -1
4366, -1
4367, -1
4368, -1
4369, -1
4370, -1
4371, -1
4372, -1
4373, -1
4374, -1
4375, 182
4376, 182
4377, 182
4378, 183
4379, 184
4380, 182
4381, 182
4382, 182
4383, 183
4384, 184
4385, 182
4386, 182
4387, 182
4388, 183
4389, 184
4390, 182
4391, 182
4392, 183
4393, 184
4394, 185
4395, 183
4396, 183
4397, 184
4398, 185
4399, 186
4400, 183
4401, 183
4402, 184
4403, 185
4404, 186
4405, 183
4406, 183
4407, 184
4408, 185
4409, 186
4410, 183
4411, 183
4412, 184
4413, 185
4414, 186
4415, 183
4416, 184
4417, 185
4418, 186
4419, 187
4420, 184
4421, 185
4422, 186
4423, 187
4424, 188
4425, 184
4426, 185
4427, 186
4428, 187
4429, 188
4430, 184
4431, 185
4432, 186
4433, 187
4434, 188
4435, 184
4436, 185
4437, 186
4438, 187
4439, 188
4440, 185
4441, 186
4442, 187
4443, 188
4444, 189
4445, 190
4446, 191
4447, 192
4448, 193
4449, 194
4450, -1
4451, -1
4452, -1
4453, -1
4454, -1
4455, -1
4456, -1
4457, -1
4458, -1
4459, -1
4460, -1
4461, -1
4462, -1
4463, -1
4464, -1
4465, -1
4466, -1
4467, -1
4468, -1
4469, -1
4470, -1
4471, -1
4472, -1
4473, -1
4474, -1
4475, -1
4476, -1
4477, -1
4478, -1
4479, -1
4480, -1
4481, -1
4482, -1
4483, -1
4484, -1
4485, -1
4486, -1
4487, -1
4488, -1
4489, -1
4490, -1
4491, -1
4492, -1
4493, -1
4494, -1
4495, -1
4496, -1
4497, -1
4498, -1
4499, -1
4500, 187
4501, 187
4502, 187
4503, 188
4504, 189
4505, 187
4506, 187
4507, 187
4508, 188
4509, 189
4510, 187
4511, 187
4512, 188
4513, 189
4514, 190
4515, 188
4516, 188
4517, 189
4518, 190
4519, 191
4520, 188
4521, 188
4522, 189
4523, 190
4524, 191
4525, 188
4526, 188
4527, 189
4528, 190
4529, 191
4530, 188
4531, 188
4532, 189
4533, 190
4534, 191
4535, 188
4536, 189
4537, 190
4538, 191
4539, 192
4540, 189
4541, 190
4542, 191
4543, 192
4544, 193
4545, 189
4546, 190
4547, 191
4548, 192
4549, 193
4550, 189
4551, 190
4552, 191
4553, 192
4554, 193
4555, 189
4556, 190
4557, 191
4558, 192
4559, 193
4560, 190
4561, 191
4562, 192
4563, 193
4564, 194
4565, 195
4566, 196
4567, 197
4568, 198
4569, 199
4570, 200
4571, -1
4572, -1
4573, -1
4574, -1
4575, -1
4576, -1
4577, -1
4578, -1
4579, -1
4580, -1
4581, -1
4582, -1
4583, -1
4584, -1
4585, -1
4586, -1
4587, -1
4588, -1
4589, -1
4590, -1
4591, -1
4592, -1
4593, -1
4594, -1
4595, -1
4596, -1
4597, -1
4598, -1
4599, -1
4600, -1
4601, -1
4602, -1
4603, -1
4604, -1
4605, -1
4606, -1
4607, -1
4608, -1
4609, -1
4610, -1
4611, -1
4612, -1
4613, -1
4614, -1
4615, -1
4616, -1
4617, -1
4618, -1
4619, -1
4620, -1
4621, -1
4622, -1
4623, -1
4624, -1
4625, 192
4626, 192
4627, 192
4628, 193
4629, 194
4630, 192
4631, 192
4632, 193
4633, 194
4634, 195
4635, 193
4636, 193
4637, 194
4638, 195
4639, 196
4640, 193
4641, 193
4642, 194
4643, 195
4644, 196
4645, 193
4646, 193
4647, 194
4648, 195
4649, 196
4650, 193
4651, 193
4652, 194
4653, 195
4654, 196
4655, 193
4656, 194
4657, 195
4658, 196
4659, 197
4660, 194
4661, 195
4662, 196
4663, 197
4664, 198
4665, 194
4666, 195
4667, 196
4668, 197
4669, 198
4670, 194
4671, 195
4672, 196
4673, 197
4674, 198
4675, 194
4676, 195
4677, 196
4678, 197
4679, 198
4680, 195
4681, 196
4682, 197
4683, 198
4684, 199
4685, 200
4686, -1
4687, -1
4688, -1
4689, -1
4690, -1
4691, -1
4692, -1
4693, -1
4694, -1
4695, -1
4696, -1
4697, -1
4698, -1
4699, -1
4700, -1
4701, -1
4702, -1
4703, -1
4704, -1
4705, -1
4706, -1
4707, -1
4708, -1
4709, -1
4710, -1
4711, -1
4712, -1
4713, -1
4714, -1
4715, -1
4716, -1
4717, -1
4718, -1
4719, -1
4720, -1
4721, -1
4722, -1
4723, -1
4724, -1
4725, -1
4726, -1
4727, -1
4728, -1
4729, -1
4730, -1
4731, -1
4732, -1
4733, -1
4734, -1
4735, -1
4736, -1
4737, -1
4738, -1
4739, -1
4740, -1
4741, -1
4742, -1
4743, -1
4744, -1
4745, -1
4746, -1
4747, -1
4748, -1
4749, -1
4750, 197
4751, 197
4752, 198
4753, 199
4754, 200
4755, 198
4756, 198
4757, 199
4758, 200
4759, -1
4760, 198
4761, 198
4762, 199
4763, 200
4764, -1
4765, 198
4766, 198
4767, 199
4768, 200
4769, -1
4770, 198
4771, 198
4772, 199
4773, 200
4774, -1
4775, 198
4776, 199
4777, 200
4778, -1
4779, -1
4780, 199
4781, 200
4782, -1
4783, -1
4784, -1
4785, 199
4786, 200
4787, -1
4788, -1
4789, -1
4790, 199
4791, 200
4792, -1
4793, -1
4794, -1
4795, 199
4796, 200
4797, -1
4798, -1
4799, -1
4800, 200
4801, -1
4802, -1
4803, -1
4804, -1
4805, -1
4806, -1
4807, -1
4808, -1
4809, -1
4810, -1
4811, -1
4812, -1
4813, -1
4814, -1
4815, -1
4816, -1
4817, -1
4818, -1
4819, -1
4820, -1
4821, -1
4822, -1
4823, -1
